1.000000000000000000e+00 -4.364436609190024186e+00
1.023326701264995586e+00 -4.333617943182963117e+00
1.047197537521897592e+00 -4.302958097095904044e+00
1.071625201645109993e+00 -4.272457874619904672e+00
1.096622682591926079e+00 -4.242118044834214174e+00
1.122203272309166167e+00 -4.211939324089492231e+00
1.148380572800922428e+00 -4.181922390155813574e+00
1.175168503361174288e+00 -4.152067878756700026e+00
1.202581307975112423e+00 -4.122376403110590282e+00
1.230633562893115540e+00 -4.092849178414764033e+00
1.259340184381400496e+00 -4.063485920205540225e+00
1.288716436653469799e+00 -4.034287035386333820e+00
1.318777939986574887e+00 -4.005252889308794195e+00
1.349540679027508183e+00 -3.976383794163152352e+00
1.381021011292142164e+00 -3.947680019472544544e+00
1.413235675863236063e+00 -3.919141791371751449e+00
1.446201802291132044e+00 -3.890769353055244739e+00
1.479936919702075526e+00 -3.862563393460524352e+00
1.514458966119003547e+00 -3.834523288926094953e+00
1.549786297999755647e+00 -3.806649038314034783e+00
1.585937699997779449e+00 -3.778940596547775144e+00
1.622932394950521884e+00 -3.751397869535504359e+00
1.660790054100816704e+00 -3.724020720337839041e+00
1.699530807556702383e+00 -3.696808971978311043e+00
1.739175254995234177e+00 -3.669762503936987663e+00
1.779744476615980675e+00 -3.642881499032015746e+00
1.821260044350027751e+00 -3.616165012465881734e+00
1.863744033330453576e+00 -3.589612657788618044e+00
1.907219033630370930e+00 -3.563224006234988916e+00
1.951708162274780278e+00 -3.536998588025683343e+00
1.997235075532617810e+00 -3.510935893730970037e+00
2.043823981495537900e+00 -3.485035380978006803e+00
2.091499652950118193e+00 -3.459296601816586048e+00
2.140287440550328046e+00 -3.433719284074945310e+00
2.190213286297267192e+00 -3.408302206919971322e+00
2.241303737333347978e+00 -3.383044648175951963e+00
2.293585960058241113e+00 -3.357945848840699021e+00
2.347087754574107787e+00 -3.333005017827986638e+00
2.401837569467787592e+00 -3.308221330798844839e+00
2.457864516937805721e+00 -3.283593939634325221e+00
2.515198388274246799e+00 -3.259122125654363877e+00
2.573869669699718532e+00 -3.234805233290709126e+00
2.633909558579837107e+00 -3.210641827327759490e+00
2.695349980011845226e+00 -3.186630915926736751e+00
2.758223603800193491e+00 -3.162771477742013726e+00
2.822563861828100151e+00 -3.139062468746144585e+00
2.888404965834336924e+00 -3.115502819274886814e+00
2.955781925604684002e+00 -3.092091445955346352e+00
3.024730567587738062e+00 -3.068827425749629523e+00
3.095287553944958248e+00 -3.045709800481588569e+00
3.167490402045090914e+00 -3.022736988373696310e+00
3.241377504413337718e+00 -2.999907800200519947e+00
3.316988149145864817e+00 -2.977221024773418545e+00
3.394362540800521355e+00 -2.954675437983942832e+00
3.473541821774866811e+00 -2.932269797447295545e+00
3.554568094182876781e+00 -2.910002857396281062e+00
3.637484442241965876e+00 -2.887873558763064619e+00
3.722334955182213356e+00 -2.865880722852236051e+00
3.809164750689999934e+00 -2.844022688772096519e+00
3.898019998898497374e+00 -2.822298142035950086e+00
3.988947946937781097e+00 -2.800705753490654981e+00
4.081996944057615373e+00 -2.779244190762596212e+00
4.177216467336273276e+00 -2.757912109974579362e+00
4.274657147989046280e+00 -2.736708174128321236e+00
4.374370798290465601e+00 -2.715631254999599342e+00
4.476410439124507867e+00 -2.694680033090227855e+00
4.580830328177473376e+00 -2.673852832977110960e+00
4.687685988788500957e+00 -2.653148284395770329e+00
4.797034239473075168e+00 -2.632565009233317710e+00
4.908933224135219042e+00 -2.612101635280552614e+00
5.023442442984433320e+00 -2.591756785944699271e+00
5.140622784173831228e+00 -2.571529099679481956e+00
5.260536556176284684e+00 -2.551417442993772156e+00
5.383247520915797502e+00 -2.531420430440732616e+00
5.508820927671727929e+00 -2.511536432232875260e+00
5.637323547773882559e+00 -2.491764086560304570e+00
5.768823710106929070e+00 -2.472102030041483545e+00
5.903391337443017584e+00 -2.452548912773729661e+00
6.041097983621914302e+00 -2.433103388715436299e+00
6.182016871598429830e+00 -2.413764130500819061e+00
6.326222932377369546e+00 -2.394530056544006413e+00
6.473792844856699702e+00 -2.375399780642114766e+00
6.624805076600138065e+00 -2.356371771080731037e+00
6.779339925560816660e+00 -2.337444728758441670e+00
6.937479562778231745e+00 -2.318617357714840566e+00
7.099308076071172202e+00 -2.299888382375240958e+00
7.264911514749855748e+00 -2.281256537004950236e+00
7.434377935371050405e+00 -2.262720576573918230e+00
7.607797448560526199e+00 -2.244279515566822703e+00
7.785262266927693631e+00 -2.225932018156254966e+00
7.966866754097958747e+00 -2.207676687761674472e+00
8.152707474888828187e+00 -2.189512328631300964e+00
8.342883246656457530e+00 -2.171437750082668483e+00
8.537495191839946429e+00 -2.153451787164100573e+00
8.736646791731333295e+00 -2.135553288519019599e+00
8.940443941499832903e+00 -2.117741123741026854e+00
9.148995006499641036e+00 -2.100014432131129372e+00
9.362410879891195137e+00 -2.082371962188590775e+00
9.580805041606561545e+00 -2.064812474299835277e+00
9.804293618690282486e+00 -2.047334900104431199e+00
1.003299544704777091e+01 -2.029938177461756421e+00
1.026703213463411934e+01 -2.012621272201445599e+00
1.050652812611683729e+01 -1.995383166534634656e+00
1.075161076904703705e+01 -1.978222862279021665e+00
1.100241038157411033e+01 -1.961139638517855666e+00
1.125906032173997318e+01 -1.944132346371133968e+00
1.152169705838977087e+01 -1.927199914547048643e+00
1.179046024373660551e+01 -1.910341411255655153e+00
1.206549278761905875e+01 -1.893555913916497913e+00
1.234694093349080646e+01 -1.876842528299912827e+00
1.263495433618288999e+01 -1.860200377847976982e+00
1.292968614147989292e+01 -1.843628603499395835e+00
1.323129306755234502e+01 -1.827126629271919045e+00
1.353993548828874971e+01 -1.810693417289334972e+00
1.385577751857137230e+01 -1.794328064618345708e+00
1.417898710154133290e+01 -1.778029779363304419e+00
1.450973609789921071e+01 -1.761797779413704745e+00
1.484820037728882447e+01 -1.745631312849039052e+00
1.519455991181264132e+01 -1.729529643280340423e+00
1.554899887172856943e+01 -1.713492050683063983e+00
1.591170572337914102e+01 -1.697518102457874711e+00
1.628287332940492504e+01 -1.681606872515160722e+00
1.666269905129571427e+01 -1.665757620246434145e+00
1.705138485433381845e+01 -1.649969690890312313e+00
1.744913741498533000e+01 -1.634242438872945069e+00
1.785616823079655902e+01 -1.618575249142447436e+00
1.827269373285384901e+01 -1.602967520332126083e+00
1.869893540086689399e+01 -1.587418665786915817e+00
1.913511988093636518e+01 -1.571928389926712910e+00
1.958147910606884068e+01 -1.556495873659346829e+00
2.003825041950286945e+01 -1.541120528956386737e+00
2.050567670091178130e+01 -1.525801830029969164e+00
2.098400649555053832e+01 -1.510539260515292526e+00
2.147349414641496779e+01 -1.495332332560854072e+00
2.197439992948402931e+01 -1.480180571059118044e+00
2.248699019211663597e+01 -1.465083512899572060e+00
2.301153749467702525e+01 -1.450040991648197775e+00
2.354832075546360670e+01 -1.435052284931598532e+00
2.409762539901859668e+01 -1.420116945680497844e+00
2.465974350789728220e+01 -1.405234566322330014e+00
2.523497397797741115e+01 -1.390404749375470095e+00
2.582362267739162576e+01 -1.375627122604667019e+00
2.642600260916711363e+01 -1.360901325979211096e+00
2.704243407765914498e+01 -1.346227015388639758e+00
2.767324485886704366e+01 -1.331604122494309372e+00
2.831877037472290581e+01 -1.317032030414636568e+00
2.897935387144608299e+01 -1.302510413189056138e+00
2.965534660205789308e+01 -1.288038969383609400e+00
3.034710801315399564e+01 -1.273617408334537737e+00
3.105500593603340320e+01 -1.259245461038922320e+00
3.177941678228591016e+01 -1.244922870279956406e+00
3.252072574394209425e+01 -1.230649407742808510e+00
3.327932699829187868e+01 -1.216425063266333373e+00
3.405562391748114237e+01 -1.202249341365125401e+00
3.485002928299726221e+01 -1.188122014104223911e+00
3.566296550515807695e+01 -1.174042873424373745e+00
3.649486484772075556e+01 -1.160011722832444692e+00
3.734616965772991648e+01 -1.146028383636787940e+00
3.821733260072763727e+01 -1.132092688752769805e+00
3.910881690144978506e+01 -1.118204511732608486e+00
4.002109659013732568e+01 -1.104363891194552805e+00
4.095465675459298183e+01 -1.090570437645498769e+00
4.190999379811780301e+01 -1.076824008410642852e+00
4.288761570346432705e+01 -1.063124475731780816e+00
4.388804230294696396e+01 -1.049471724929822880e+00
4.491180555485330927e+01 -1.035865654245484713e+00
4.595944982630293651e+01 -1.022306174161979886e+00
4.703153218270465175e+01 -1.008793246402862831e+00
4.812862268396564502e+01 -9.953269483961120212e-01
4.925130468761019387e+01 -9.819069817760508467e-01
5.040017515896936828e+01 -9.685332764608548528e-01
5.157584498860608591e+01 -9.552057722616922320e-01
5.277893931714503850e+01 -9.419244236764359179e-01
5.401009786767939858e+01 -9.286891930906765458e-01
5.526997528593192754e+01 -9.155000560739250393e-01
5.655924148835056542e+01 -9.023570492254482378e-01
5.787858201832405314e+01 -8.892602785254462017e-01
5.922869841070706087e+01 -8.762095225014496780e-01
6.061030856484813256e+01 -8.632047708526123797e-01
6.202414712631956917e+01 -8.502460195971488499e-01
6.347096587755135033e+01 -8.373332790997918273e-01
6.495153413757770977e+01 -8.244665635468938492e-01
6.646663917110817010e+01 -8.116459014711732145e-01
6.801708660714085397e+01 -7.988713914949054917e-01
6.960370086734097583e+01 -7.861431577560760164e-01
7.122732560441154703e+01 -7.734610420671238495e-01
7.288882415069021192e+01 -7.608250817808673849e-01
7.458907997721017580e+01 -7.482353168984706704e-01
7.632899716346940977e+01 -7.356918017188531778e-01
7.810950087815838572e+01 -7.231945899351482909e-01
7.993153787110108510e+01 -7.107437511551664144e-01
8.179607697667196931e+01 -6.983394336005673830e-01
8.370410962895536500e+01 -6.859817691078514690e-01
8.565665038892242933e+01 -6.736706497330117172e-01
8.765473748390500930e+01 -6.614061486017225322e-01
8.969943335965366771e+01 -6.491883377350252671e-01
9.179182524527371356e+01 -6.370173037448380038e-01
9.393302573133887279e+01 -6.248931277916440763e-01
9.612417336149098901e+01 -6.128159089014046934e-01
9.836643323783911796e+01 -6.007858328390817126e-01
1.006609976404813125e+02 -5.888030286245854450e-01
1.030090866614772835e+02 -5.768674259918586955e-01
1.054119488536096299e+02 -5.649791221287422394e-01
1.078708618942787041e+02 -5.531382093413368395e-01
1.103871332648841843e+02 -5.413447951561877192e-01
1.129621009460534253e+02 -5.295989764240915942e-01
1.155971341290882037e+02 -5.179008700862310910e-01
1.182936339440071123e+02 -5.062506877107937342e-01
1.210530342045697552e+02 -4.946485449354049435e-01
1.238768021706810742e+02 -4.830943970125868292e-01
1.267664393285794233e+02 -4.715883535860867504e-01
1.297234821892244270e+02 -4.601305157552265657e-01
1.327495031053074968e+02 -4.487209999579761521e-01
1.358461111073215193e+02 -4.373599093526830961e-01
1.390149527591334504e+02 -4.260473653320845933e-01
1.422577130335132551e+02 -4.147835944854975088e-01
1.455761162080875408e+02 -4.035686879520891113e-01
1.489719267821917867e+02 -3.924026161147885494e-01
1.524469504151108197e+02 -3.812854883257075778e-01
1.560030348862037499e+02 -3.702174033957745802e-01
1.596420710774268059e+02 -3.591984753337152392e-01
1.633659939787751796e+02 -3.482288032048072024e-01
1.671767837171771873e+02 -3.373085008225999437e-01
1.710764666093906214e+02 -3.264377988527134566e-01
1.750671162394587554e+02 -3.156167528445441017e-01
1.791508545613009176e+02 -3.048453376216911925e-01
1.833298530270211302e+02 -2.941236514538021485e-01
1.876063337415378669e+02 -2.834517781971059858e-01
1.919825706441478417e+02 -2.728298192389184140e-01
1.964608907176498462e+02 -2.622578586425370339e-01
2.010436752256754858e+02 -2.517359916154013888e-01
2.057333609788814499e+02 -2.412644420500147935e-01
2.105324416306793864e+02 -2.308432193507574115e-01
2.154434690031884543e+02 -2.204722918997616410e-01
2.204690544441200188e+02 -2.101517354035228047e-01
2.256118702153141271e+02 -1.998816086413587878e-01
2.308746509136637712e+02 -1.896619893011914360e-01
2.362601949251867950e+02 -1.794929361249599509e-01
2.417713659130163251e+02 -1.693745150764514595e-01
2.474110943400992824e+02 -1.593069329289820979e-01
2.531823790274164878e+02 -1.492901424631107588e-01
2.590882887485497577e+02 -1.393240959599916506e-01
2.651319638614461951e+02 -1.294088347928747662e-01
2.713166179782438121e+02 -1.195443834473697980e-01
2.776455396740510650e+02 -1.097307853978272546e-01
2.841220942355861894e+02 -9.996806433994419316e-02
2.907497254506047852e+02 -9.025624700988109372e-02
2.975319574390705952e+02 -8.059551348510848867e-02
3.044723965270409849e+02 -7.098575009210268683e-02
3.115747331642646145e+02 -6.142688395478779900e-02
3.188427438865082308e+02 -5.191891153309503154e-02
3.262802933236600893e+02 -4.246181388510737037e-02
3.338913362546763892e+02 -3.305559149096171101e-02
3.416799197104595009e+02 -2.370022387284980228e-02
3.496501851257932003e+02 -1.439568956363657289e-02
3.578063705414727451e+02 -5.142133488577882265e-03
3.661528128578061114e+02 4.060633061522074885e-03
3.746939501406781119e+02 1.321271698324646970e-02
3.834343239814105573e+02 2.231417515084606687e-02
3.923785819116706080e+02 3.136507823438138692e-02
4.015314798747068608e+02 4.036547603835222153e-02
4.108978847542358608e+02 4.931544114063203532e-02
4.204827769623162226e+02 5.821505072931147662e-02
4.302912530875921107e+02 6.706420192143271175e-02
4.403285286053070990e+02 7.586316564867542911e-02
4.505999406505378602e+02 8.461209008037130774e-02
4.611109508561178814e+02 9.331109220281690042e-02
4.718671482567567068e+02 1.019603009228348123e-01
4.828742522609076673e+02 1.105598217688817386e-01
4.941381156919555906e+02 1.191097856233100938e-01
5.056647279003498738e+02 1.276103310064950203e-01
5.174602179483267719e+02 1.360614016547065652e-01
5.295308578689265460e+02 1.444633562465209575e-01
5.418830660010320344e+02 1.528163892651491496e-01
5.545234104021981238e+02 1.611206825322419600e-01
5.674586123410969094e+02 1.693764269710433534e-01
5.806955498714262376e+02 1.775837874390378546e-01
5.942412614891895828e+02 1.857429569149088855e-01
6.081029498752822064e+02 1.938541389342791077e-01
6.222879857253850560e+02 2.019173241442806799e-01
6.368039116691971913e+02 2.099329637850767816e-01
6.516584462810853893e+02 2.179013004310625112e-01
6.668594881842949462e+02 2.258225827192663626e-01
6.824151202508980987e+02 2.336970646781287575e-01
6.983336138997070748e+02 2.415249712427847417e-01
7.146234334944505235e+02 2.493065584875403251e-01
7.312932408445404917e+02 2.570420839677015068e-01
7.483518998108318101e+02 2.647316175186399390e-01
7.658084810188112215e+02 2.723756697696932405e-01
7.836722666817365734e+02 2.799745416345968407e-01
8.019527555362836893e+02 2.875285472140690635e-01
8.206596678933188969e+02 2.950380021457363333e-01
8.398029508064970514e+02 3.025031884557822237e-01
8.593927833614213796e+02 3.099244232646295449e-01
8.794395820881866257e+02 3.173020119105352532e-01
8.999540065001706353e+02 3.246361081743859289e-01
9.209469647620353498e+02 3.319272697981208720e-01
9.424296194899441161e+02 3.391758547295718462e-01
9.644133936870698562e+02 3.463822380150251568e-01
9.869099768175690315e+02 3.535467914956106905e-01
1.009931331022235440e+03 3.606698485158697509e-01
1.033489697479150891e+03 3.677517815196486572e-01
1.057597602912697994e+03 3.747929366192917500e-01
1.082267866254417186e+03 3.817935449374238455e-01
1.107513605459238534e+03 3.887542034899318932e-01
1.133348244480704807e+03 3.956753197368425012e-01
1.159785520408913726e+03 4.025573218966551070e-01
1.186839490774959131e+03 4.094006288054670706e-01
1.214524541025766439e+03 4.162056164873831343e-01
1.242855392173280734e+03 4.229727033810084524e-01
1.271847108622094993e+03 4.297022661121910891e-01
1.301515106179671420e+03 4.363946034211288461e-01
1.331875160253403919e+03 4.430503403925841743e-01
1.362943414238903642e+03 4.496699237865683929e-01
1.394736388103946865e+03 4.562538224928740505e-01
1.427270987172666992e+03 4.628024922184953982e-01
1.460564511114639572e+03 4.693163392012234536e-01
1.494634663143664056e+03 4.757958157601897553e-01
1.529499559431124226e+03 4.822413161605816345e-01
1.565177738738917014e+03 4.886531944068127631e-01
1.601688172277101557e+03 4.950320897998846670e-01
1.639050273791485097e+03 5.013784756444501500e-01
1.677283909886528818e+03 5.076928465829310122e-01
1.716409410589036270e+03 5.139756824905523658e-01
1.756447580158272558e+03 5.202274055946392028e-01
1.797419708148249583e+03 5.264484876340953523e-01
1.839347580728039929e+03 5.326393258184235480e-01
1.882253492266173907e+03 5.388003151404958668e-01
1.926160257185262253e+03 5.449320936351284006e-01
1.971091222093130682e+03 5.510351460401580193e-01
2.017070278196952813e+03 5.571099784121007481e-01
2.064121874006953476e+03 5.631570786385027283e-01
2.112271028336457221e+03 5.691768705969674214e-01
2.161543343605167138e+03 5.751698299424106153e-01
2.211965019452783054e+03 5.811363415478504324e-01
2.263562866670179119e+03 5.870768264112999901e-01
2.316364321455532263e+03 5.929919056549777245e-01
2.370397460003020569e+03 5.988820598617136115e-01
2.425691013431813644e+03 6.047477922260593441e-01
2.482274383063322603e+03 6.105895822602848133e-01
2.540177656054792806e+03 6.164078415361107233e-01
2.599431621397598065e+03 6.222030344176345817e-01
2.660067786288723710e+03 6.279755187011374362e-01
2.722118392884119658e+03 6.337257268463112325e-01
2.785616435442878355e+03 6.394542484392488069e-01
2.850595677871314365e+03 6.451615449906463740e-01
2.917090671676307011e+03 6.508481037135536162e-01
2.985136774337406678e+03 6.565143800037013255e-01
3.054770168107525933e+03 6.621607609475186340e-01
3.126027879252191269e+03 6.677876858032799623e-01
3.198947797737555902e+03 6.733954722335621090e-01
3.273568697377696481e+03 6.789845513403014454e-01
3.349930256451864352e+03 6.845554688324301251e-01
3.428073078802688087e+03 6.901086543595607026e-01
3.508038715426493582e+03 6.956445679830155493e-01
3.589869686567283679e+03 7.011636285385394185e-01
3.673609504326103433e+03 7.066661882679347029e-01
3.759302695797768138e+03 7.121526505389557116e-01
3.846994826747336447e+03 7.176232826149245847e-01
3.936732525838852325e+03 7.230785042934825269e-01
4.028563509429287933e+03 7.285188081460572951e-01
4.122536606940808269e+03 7.339445820780998719e-01
4.218701786824922237e+03 7.393562507845642395e-01
4.317110183132292150e+03 7.447541872811812569e-01
4.417814122702290661e+03 7.501387015047294993e-01
4.520867152986842484e+03 7.555101533107754230e-01
4.626324070523299270e+03 7.608687524009714043e-01
4.734240950071455700e+03 7.662149004247600370e-01
4.844675174430283732e+03 7.715490308414456599e-01
4.957685464950155620e+03 7.768714837565953157e-01
5.073331912756860220e+03 7.821826429440529305e-01
5.191676010703909924e+03 7.874828300636372846e-01
5.312780686070240336e+03 7.927723087913125521e-01
5.436710334020641312e+03 7.980513914410067855e-01
5.563530851846656333e+03 8.033202265884512583e-01
5.693309674006271962e+03 8.085791945904152733e-01
5.826115807980922000e+03 8.138286672295418356e-01
5.962019870968963005e+03 8.190689354532464383e-01
6.101094127435025257e+03 8.243003380650850698e-01
6.243412527535317167e+03 8.295231450952451624e-01
6.389050746439266732e+03 8.347375728272706796e-01
6.538086224568354737e+03 8.399438852711370584e-01
6.690598208773645638e+03 8.451421694661961359e-01
6.846667794473817594e+03 8.503327843693129218e-01
7.006377968776177113e+03 8.555160403895647470e-01
7.169813654603468422e+03 8.606921800128821687e-01
7.337061755850084410e+03 8.658614980992189736e-01
7.508211203591626145e+03 8.710242131297331047e-01
7.683353003372302737e+03 8.761804961945401926e-01
7.862580283595478249e+03 8.813305648208722420e-01
8.045988345042948822e+03 8.864744466456068173e-01
8.233674711549403582e+03 8.916124816835883093e-01
8.425739181858869415e+03 8.967449217795274707e-01
8.622283882690853716e+03 9.018719641150250155e-01
8.823413323044371282e+03 9.069938633642453674e-01
9.029234449768611739e+03 9.121107888180322032e-01
9.239856704429974343e+03 9.172228709588361450e-01
9.455392081505573515e+03 9.223302849009551441e-01
9.675955187934261630e+03 9.274330031369345528e-01
9.901663304056692141e+03 9.325313511571614589e-01
1.013263644597698476e+04 9.376255268356475936e-01
1.036899742937909832e+04 9.427156868236838960e-01
1.061087193483173542e+04 9.478020507053063204e-01
1.085838857461668522e+04 9.528847423732638156e-01
1.111167896111601294e+04 9.579638572702873223e-01
1.137087777679448300e+04 9.630395331173924323e-01
1.163612284581455060e+04 9.681116923669813579e-01
1.190755520732166042e+04 9.731806511752836286e-01
1.218531919043929884e+04 9.782465587348351255e-01
1.246956249101329922e+04 9.833095366879162080e-01
1.276043625014636382e+04 9.883697751794705555e-01
1.305809513456455352e+04 9.934273574307338484e-01
1.336269741885840995e+04 9.984823500005277630e-01
1.367440506964265114e+04 1.003534858968330168e+00
1.399338383167875145e+04 1.008584762543488056e+00
1.431980331600674617e+04 1.013632373388105856e+00
1.465383709013273437e+04 1.018677797897242110e+00
1.499566277032017751e+04 1.023721128922158163e+00
1.534546211603405754e+04 1.028762532520081763e+00
1.570342112658806400e+04 1.033802056957831450e+00
1.606973014004640936e+04 1.038839745885659749e+00
1.644458393443237219e+04 1.043875676716606415e+00
1.682818183129802856e+04 1.048909697004485553e+00
1.722072780170974875e+04 1.053942113400951008e+00
1.762243057470604253e+04 1.058972997576662189e+00
1.803350374828534041e+04 1.064002418840633402e+00
1.845416590298273877e+04 1.069030525099672557e+00
1.888464071809629240e+04 1.074057333703304806e+00
1.932515709062410315e+04 1.079082871100685015e+00
1.977594925697620783e+04 1.084107180491523659e+00
2.023725691752541024e+04 1.089130115900983631e+00
2.070932536406349755e+04 1.094151951009489254e+00
2.119240561023060945e+04 1.099172738487987022e+00
2.168675452498703817e+04 1.104192529125369804e+00
2.219263496919870886e+04 1.109211458041310161e+00
2.271031593540831091e+04 1.114229515756921529e+00
2.324007269086725501e+04 1.119246716767705596e+00
2.378218692390390788e+04 1.124263074776938875e+00
2.433694689370610649e+04 1.129278454900482398e+00
2.490464758359765619e+04 1.134293102321790370e+00
2.548559085789019082e+04 1.139307055068431884e+00
2.608008562239410821e+04 1.144320349757838917e+00
2.668844798867320787e+04 1.149333112681319324e+00
2.731100144213137173e+04 1.154345311223222925e+00
2.794807701401984014e+04 1.159356951902704713e+00
2.860001345745698200e+04 1.164368022659280077e+00
2.926715742755394604e+04 1.169378403278035439e+00
2.994986366574203930e+04 1.174388314000613276e+00
3.064849518840016026e+04 1.179397781674179413e+00
3.136342347988163601e+04 1.184406832120440844e+00
3.209502869004439344e+04 1.189415586651336731e+00
3.284369983638853591e+04 1.194423992092833453e+00
3.360983501090916252e+04 1.199432050670318883e+00
3.439384159177444235e+04 1.204439727781037472e+00
3.519613645994128456e+04 1.209446921088725757e+00
3.601714622082436836e+04 1.214453828991892692e+00
3.685730743113521021e+04 1.219460470166114918e+00
3.771706683101342060e+04 1.224466862637608067e+00
3.859688158157235739e+04 1.229473125459551897e+00
3.949721950798611942e+04 1.234479187399818656e+00
4.041855934824687574e+04 1.239485049016780360e+00
4.136139100772485835e+04 1.244490655599507667e+00
4.232621581966674421e+04 1.249495924947908732e+00
4.331354681176985468e+04 1.254501035794588493e+00
4.432390897897542891e+04 1.259506000753848109e+00
4.535783956262486026e+04 1.264510832119244643e+00
4.641588833612782037e+04 1.269515648700856314e+00
4.749861789729408338e+04 1.274520362866257139e+00
4.860660396748434869e+04 1.279524975616895821e+00
4.974043569773982745e+04 1.284529413976900791e+00
5.090071598205174087e+04 1.289533617783971353e+00
5.208806177793946699e+04 1.294537747972793307e+00
5.330310443450610910e+04 1.299541812899883686e+00
5.454649002814671258e+04 1.304545821190289612e+00
5.581887970608726027e+04 1.309549892542874350e+00
5.712095003793790238e+04 1.314553925028514314e+00
5.845339337544563750e+04 1.319557921607679152e+00
5.981691822063994914e+04 1.324561792526844695e+00
6.121224960256550548e+04 1.329565501058793009e+00
6.264012946280291362e+04 1.334569191621585160e+00
6.410131704998239002e+04 1.339572869563580459e+00
6.559658932349998213e+04 1.344576542788389339e+00
6.712674136665188416e+04 1.349580327494781296e+00
6.869258680940442719e+04 1.354584113757534070e+00
7.029495826102720457e+04 1.359587905695677001e+00
7.193470775281754322e+04 1.364591597739634343e+00
7.361270719115229440e+04 1.369595177508702522e+00
7.532984882110792387e+04 1.374598773851210876e+00
7.708704570089506160e+04 1.379602390013909829e+00
7.888523218736093258e+04 1.384606037974508430e+00
8.072536443281533138e+04 1.389609820004758189e+00
8.260842089344754640e+04 1.394613630423211958e+00
8.453540284960204735e+04 1.399617471711957384e+00
8.650733493819079013e+04 1.404621223400022600e+00
8.852526569752491196e+04 1.409624898313093899e+00
9.059026812485528353e+04 1.414628610547058019e+00
9.270344024691966479e+04 1.419632361949944466e+00
9.486590570379696146e+04 1.424636169414478903e+00
9.707881434638271458e+04 1.429640121582196111e+00
9.934334284780078451e+04 1.434644117654342299e+00
1.016606953290774982e+05 1.439648158924031751e+00
1.040321039994106541e+05 1.444652110465498129e+00
1.064588298113736819e+05 1.449656010662773609e+00
1.089421631314046244e+05 1.454659959196257235e+00
1.114834244259333645e+05 1.459663956936868567e+00
1.140839649635158567e+05 1.464668026096999531e+00
1.167451675333460589e+05 1.469672241916860411e+00
1.194684471805283247e+05 1.474676509046207062e+00
1.222552519585014525e+05 1.479680828077172050e+00
1.251070636990139610e+05 1.484685050028316189e+00
1.280253988000616810e+05 1.489689239390810993e+00
1.310118090322026837e+05 1.494693481915651656e+00
1.340678823636835732e+05 1.499697777962571310e+00
1.371952438048118202e+05 1.504702155578661937e+00
1.403955562720249582e+05 1.509706676859963626e+00
1.436705214721154189e+05 1.514711252367580752e+00
1.470218808070813247e+05 1.519715882171678523e+00
1.504514163000859553e+05 1.524720403569042038e+00
1.539609515430135943e+05 1.529724907206075679e+00
1.575523526661319775e+05 1.534729465122938397e+00
1.612275293303721410e+05 1.539734077201582174e+00
1.649884357427551004e+05 1.544738777517000061e+00
1.688370716955053213e+05 1.549743614919362855e+00
1.727754836294027045e+05 1.554748506003200248e+00
1.768057657219409884e+05 1.559753450557184395e+00
1.809300610008655640e+05 1.564758272152150242e+00
1.851505624836902425e+05 1.569763087984084038e+00
1.894695143437932420e+05 1.574767956478438036e+00
1.938892131037147774e+05 1.579772877338664117e+00
1.984120088562902529e+05 1.584777890924423005e+00
2.030403065142682462e+05 1.589783033131371148e+00
2.077765670890797919e+05 1.594788226872254633e+00
2.126233089994331240e+05 1.599793471886385765e+00
2.175831094104378426e+05 1.604798578282693011e+00
2.226586056039640389e+05 1.609803689861865950e+00
2.278524963809682522e+05 1.614808851563928505e+00
2.331675434965306777e+05 1.619814062976095759e+00
2.386065731283666973e+05 1.624819370827629728e+00
2.441724773795965011e+05 1.629824797930367275e+00
2.498682158165643341e+05 1.634830273528470990e+00
2.556968170425348508e+05 1.639835797149713503e+00
2.616613803080963844e+05 1.644841165446108810e+00
2.677650771591298399e+05 1.649846548772001098e+00
2.740111531232194393e+05 1.654851978649906963e+00
2.804029294354012818e+05 1.659857454606419758e+00
2.869438048041706206e+05 1.664863029856802568e+00
2.936372572186787729e+05 1.669868714157868750e+00
3.004868457980916719e+05 1.674874443251920031e+00
3.074962126840846613e+05 1.679880216721617803e+00
3.146690849774839589e+05 1.684885818047274109e+00
3.220092767200833187e+05 1.689891444107654239e+00
3.295206909226894495e+05 1.694897113360913421e+00
3.372073216404780978e+05 1.699902825304629550e+00
3.450732560967549216e+05 1.704908639737409581e+00
3.531226768562633661e+05 1.709914553152218852e+00
3.613598640491850674e+05 1.714920508172210756e+00
3.697891976470199879e+05 1.719926504132048173e+00
3.784151597915537423e+05 1.724932311066809332e+00
3.872423371781570604e+05 1.729938152683837549e+00
3.962754234946707147e+05 1.734944033868020208e+00
4.055192219171906472e+05 1.739949954189010883e+00
4.149786476640665787e+05 1.744955979815594693e+00
4.246587306094782543e+05 1.749962094290344439e+00
4.345646179579779273e+05 1.754968246645483898e+00
4.447015769814198138e+05 1.759974428321110729e+00
4.550749978197379969e+05 1.764980420174839582e+00
4.656903963470477029e+05 1.769986448565508352e+00
4.765534171046128613e+05 1.774992513118267556e+00
4.876698363022251287e+05 1.779998613491635462e+00
4.990455648895966006e+05 1.785004822653611933e+00
5.106866516993973637e+05 1.790011111064885085e+00
5.225992866636091494e+05 1.795017434438557213e+00
5.347898041049111634e+05 1.800023770720705629e+00
5.472646861048321007e+05 1.805029927743396323e+00
5.600305659504813375e+05 1.810036118377591485e+00
5.730942316616747994e+05 1.815042342316780966e+00
5.864626296003389871e+05 1.820048599207620965e+00
6.001428681641101139e+05 1.825054968645420050e+00
6.141422215660908259e+05 1.830061407766283121e+00
6.284681337027839618e+05 1.835067878668821706e+00
6.431282221122382907e+05 1.840074346468676403e+00
6.581302820245384937e+05 1.845080645200759095e+00
6.734822905067723477e+05 1.850086974687047192e+00
6.891924107046891004e+05 1.855093334570207642e+00
7.052689961832996923e+05 1.860099724533680110e+00
7.217205953687296715e+05 1.865106230843129431e+00
7.385559560936910566e+05 1.870112797674289284e+00
7.557840302489720052e+05 1.875119393857292982e+00
7.734139785434444202e+05 1.880125971099806392e+00
7.914551753750992939e+05 1.885132390264125046e+00
8.099172138157092268e+05 1.890138838157979340e+00
8.288099107117661042e+05 1.895145314159300431e+00
8.481433119044055929e+05 1.900151818154834027e+00
8.679276975711039267e+05 1.905158443103486476e+00
8.881735876919608563e+05 1.910165119871646722e+00
9.088917476435109274e+05 1.915171823651919958e+00
9.300931939230110729e+05 1.920178493212645776e+00
9.517892000062591396e+05 1.925185015778766440e+00
9.739913023420545505e+05 1.930191564641449142e+00
9.967113064864899497e+05 1.935198139701414410e+00
1.019961293380344170e+06 1.940204740399443795e+00
1.043753625772886327e+06 1.945211466439561665e+00
1.068100954795546830e+06 1.950218235332823680e+00
1.093016226688919356e+06 1.955225029708112627e+00
1.118512689686684869e+06 1.960231773934617339e+00
1.144603901060113218e+06 1.965238382926814520e+00
1.171303734326889040e+06 1.970245016547552019e+00
1.198626386628106469e+06 1.975251674372764388e+00
1.226586386277321959e+06 1.980258356562884847e+00
1.255198600485723931e+06 1.985265169105431715e+00
1.284478243267495418e+06 1.990272016796989840e+00
1.314440883529582992e+06 1.995278887616379837e+00
1.345102453350174939e+06 2.000285694463524777e+00
1.376479256450284738e+06 2.005292377501624479e+00
1.408587976862964220e+06 2.010299083643120266e+00
1.441445687804711517e+06 2.015305812815786801e+00
1.475069860753848683e+06 2.020312564300653424e+00
1.509478374740652740e+06 2.025319451505005031e+00
1.544689525854199659e+06 2.030326365406287525e+00
1.580722036970968591e+06 2.035333301239310888e+00
1.617595067710382864e+06 2.040340157596882253e+00
1.655328224622593960e+06 2.045346902351496965e+00
1.693941571613881271e+06 2.050353668639357085e+00
1.733455640615276061e+06 2.055360456451482243e+00
1.773891442500030622e+06 2.060367267776451961e+00
1.815270478255761554e+06 2.065374215570972449e+00
1.857614750417199917e+06 2.070381184519109574e+00
1.900946774765628157e+06 2.075388174677150754e+00
1.945289592301243450e+06 2.080395070916164713e+00
1.990666781494760187e+06 2.085401867981117263e+00
2.037102470824839314e+06 2.090408685705613667e+00
2.084621351607955527e+06 2.095415523778503708e+00
2.133248691127546132e+06 2.100422391471622241e+00
2.183010346069422085e+06 2.105429387890062731e+00
2.233932776270574424e+06 2.110436404089961915e+00
2.286043058788720984e+06 2.115443440490279325e+00
2.339368902300002985e+06 2.120450368807639929e+00
2.393938661832576618e+06 2.125457209565813077e+00
2.449781353843869176e+06 2.130464070301189672e+00
2.506926671649542637e+06 2.135470949941147278e+00
2.565405001212361734e+06 2.140477865379337263e+00
2.625247437299363781e+06 2.145484900521026805e+00
2.686485800015942194e+06 2.150491956077706046e+00
2.749152651725567412e+06 2.155499030549038242e+00
2.813281314364241436e+06 2.160505982165162209e+00
2.878905887158811092e+06 2.165512859454032046e+00
2.946061264758602716e+06 2.170519755495104786e+00
3.014783155789996497e+06 2.175526671463257067e+00
3.085108101843851618e+06 2.180533627034207278e+00
3.157073496905781329e+06 2.185540697242807084e+00
3.230717607239738572e+06 2.190547785802426262e+00
3.306079591735382564e+06 2.195554893673037355e+00
3.383199522730093449e+06 2.200561863933413687e+00
3.462118407316694967e+06 2.205568773250158099e+00
3.542878209148208145e+06 2.210575699971302210e+00
3.625521870751271956e+06 2.215582645254183358e+00
3.710093336359995883e+06 2.220589636941037170e+00
3.796637575282517821e+06 2.225596735765713596e+00
3.885200605812591501e+06 2.230603851580613028e+00
3.975829519698963035e+06 2.235610985610126278e+00
4.068572507185532711e+06 2.240617968436330543e+00
4.163478882635616697e+06 2.245624903185142518e+00
4.260599110753976740e+06 2.250631855079606058e+00
4.359984833420442417e+06 2.255638824552820942e+00
4.461688897149553522e+06 2.260645846722626473e+00
4.565765381190710701e+06 2.265652968609540352e+00
4.672269626283806749e+06 2.270660108053704551e+00
4.781258264085642993e+06 2.275667265270239881e+00
4.892789247282751836e+06 2.280674258227318951e+00
5.006921880406701006e+06 2.285681214306801490e+00
5.123716851368119940e+06 2.290688188840778849e+00
5.243236263726409525e+06 2.295695178470982256e+00
5.365543669712148607e+06 2.300702229517413766e+00
5.490704104019814171e+06 2.305709371458401158e+00
5.618784118388771079e+06 2.310716531955154807e+00
5.749851816990917549e+06 2.315723708065518416e+00
5.883976892643858679e+06 2.320730704749262685e+00
6.021230663868701085e+06 2.325737680816729380e+00
6.161686112812399864e+06 2.330744671344122221e+00
6.305417924054647796e+06 2.335751679323210261e+00
6.452502524320022203e+06 2.340758752438580448e+00
6.603018123116467148e+06 2.345765911134891191e+00
6.757044754321744666e+06 2.350773086839103243e+00
6.914664318740015849e+06 2.355780277863948946e+00
7.075960627650991082e+06 2.360787279130191596e+00
7.241019447375078686e+06 2.365794268815501589e+00
7.409928544878022745e+06 2.370801275688938059e+00
7.582777734439359047e+06 2.375808299272548663e+00
7.759658925409488380e+06 2.380815394382441053e+00
7.940666171080758795e+06 2.385822567697566399e+00
8.125895718698618002e+06 2.390829756701841724e+00
8.315446060639210045e+06 2.395836962791356495e+00
8.509417986780928448e+06 2.400843963826640781e+00
8.707914638097550720e+06 2.405850967058583478e+00
8.911041561501536518e+06 2.410857986507559669e+00
9.118906765966646373e+06 2.415865021907360077e+00
9.331620779959680513e+06 2.420872136071674952e+00
9.549296710212029517e+06 2.425879320461454380e+00
9.772050301861952990e+06 2.430886520961846653e+00
1.000000000000000000e+07 2.435893736671874699e+00
