1.000000000000000000e+00 -2.095578930122313999e+00
1.023326701264995586e+00 -2.069229599783190210e+00
1.047197537521897592e+00 -2.043084528724143034e+00
1.071625201645109993e+00 -2.017142994113473531e+00
1.096622682591926079e+00 -1.991404121627549983e+00
1.122203272309166167e+00 -1.965866869938598160e+00
1.148380572800922428e+00 -1.940530075899013163e+00
1.175168503361174288e+00 -1.915392479043859009e+00
1.202581307975112423e+00 -1.890452668568884942e+00
1.230633562893115540e+00 -1.865709794723945159e+00
1.259340184381400496e+00 -1.841161394512240701e+00
1.288716436653469799e+00 -1.816805637512171723e+00
1.318777939986574887e+00 -1.792640555211267417e+00
1.349540679027508183e+00 -1.768664030396708498e+00
1.381021011292142164e+00 -1.744873850978660546e+00
1.413235675863236063e+00 -1.721267724940855670e+00
1.446201802291132044e+00 -1.697843289560834856e+00
1.479936919702075526e+00 -1.674598623418364962e+00
1.514458966119003547e+00 -1.651530424050278834e+00
1.549786297999755647e+00 -1.628635996117075768e+00
1.585937699997779449e+00 -1.605912560134727274e+00
1.622932394950521884e+00 -1.583357247553465408e+00
1.660790054100816704e+00 -1.560967161204130926e+00
1.699530807556702383e+00 -1.538739384498110541e+00
1.739175254995234177e+00 -1.516671045940827467e+00
1.779744476615980675e+00 -1.494759644199603166e+00
1.821260044350027751e+00 -1.473001562035204826e+00
1.863744033330453576e+00 -1.451393801588683585e+00
1.907219033630370930e+00 -1.429933369681087196e+00
1.951708162274780278e+00 -1.408617276129792595e+00
1.997235075532617810e+00 -1.387442596190475941e+00
2.043823981495537900e+00 -1.366406473265101562e+00
2.091499652950118193e+00 -1.345506228286647898e+00
2.140287440550328046e+00 -1.324739508441068692e+00
2.190213286297267192e+00 -1.304103113604390130e+00
2.241303737333347978e+00 -1.283594483501553363e+00
2.293585960058241113e+00 -1.263211152211905164e+00
2.347087754574107787e+00 -1.242950743187442031e+00
2.401837569467787592e+00 -1.222811027260700456e+00
2.457864516937805721e+00 -1.202789913764281682e+00
2.515198388274246799e+00 -1.182885592606889746e+00
2.573869669699718532e+00 -1.163096516472563735e+00
2.633909558579837107e+00 -1.143420510966220105e+00
2.695349980011845226e+00 -1.123856020948274193e+00
2.758223603800193491e+00 -1.104401625596391101e+00
2.822563861828100151e+00 -1.085056023944347858e+00
2.888404965834336924e+00 -1.065818084188596249e+00
2.955781925604684002e+00 -1.046686818772955885e+00
3.024730567587738062e+00 -1.027661550740333940e+00
3.095287553944958248e+00 -1.008741743298770643e+00
3.167490402045090914e+00 -9.899263665454637318e-01
3.241377504413337718e+00 -9.712149180472747778e-01
3.316988149145864817e+00 -9.526069943920749683e-01
3.394362540800521355e+00 -9.341022672602566912e-01
3.473541821774866811e+00 -9.157005268462597991e-01
3.554568094182876781e+00 -8.974016424436720429e-01
3.637484442241965876e+00 -8.792057528909118513e-01
3.722334955182213356e+00 -8.611129646306930896e-01
3.809164750689999934e+00 -8.431229536710626027e-01
3.898019998898497374e+00 -8.252357846899514016e-01
3.988947946937781097e+00 -8.074515411510744256e-01
4.081996944057615373e+00 -7.897702985250738550e-01
4.177216467336273276e+00 -7.721921706389037743e-01
4.274657147989046280e+00 -7.547172621619870903e-01
4.374370798290465601e+00 -7.373458888812084444e-01
4.476410439124507867e+00 -7.200781674035108271e-01
4.580830328177473376e+00 -7.029138345091722195e-01
4.687685988788500957e+00 -6.858528915660575542e-01
4.797034239473075168e+00 -6.688952955786392485e-01
4.908933224135219042e+00 -6.520409369697364177e-01
5.023442442984433320e+00 -6.352896950112028041e-01
5.140622784173831228e+00 -6.186413876042550219e-01
5.260536556176284684e+00 -6.020960241608649399e-01
5.383247520915797502e+00 -5.856533058590287499e-01
5.508820927671727929e+00 -5.693126396799101929e-01
5.637323547773882559e+00 -5.530736302218736133e-01
5.768823710106929070e+00 -5.369358277369146171e-01
5.903391337443017584e+00 -5.208987124813982961e-01
6.041097983621914302e+00 -5.049617568160784664e-01
6.182016871598429830e+00 -4.891243723817157441e-01
6.326222932377369546e+00 -4.733861911751353069e-01
6.473792844856699702e+00 -4.577464876574088848e-01
6.624805076600138065e+00 -4.422043591330611090e-01
6.779339925560816660e+00 -4.267590800960639474e-01
6.937479562778231745e+00 -4.114098980852404219e-01
7.099308076071172202e+00 -3.961560192716057083e-01
7.264911514749855748e+00 -3.809966738658629448e-01
7.434377935371050405e+00 -3.659310534846973439e-01
7.607797448560526199e+00 -3.509586148197118560e-01
7.785262266927693631e+00 -3.360784300072455766e-01
7.966866754097958747e+00 -3.212895060011022874e-01
8.152707474888828187e+00 -3.065910152008380352e-01
8.342883246656457530e+00 -2.919821294356192976e-01
8.537495191839946429e+00 -2.774620027014243484e-01
8.736646791731333295e+00 -2.630298370767346072e-01
8.940443941499832903e+00 -2.486848072650787445e-01
9.148995006499641036e+00 -2.344263826981096699e-01
9.362410879891195137e+00 -2.202536140839115308e-01
9.580805041606561545e+00 -2.061655714507674153e-01
9.804293618690282486e+00 -1.921614662416367691e-01
1.003299544704777091e+01 -1.782405186633167493e-01
1.026703213463411934e+01 -1.644019369177503187e-01
1.050652812611683729e+01 -1.506449846502547207e-01
1.075161076904703705e+01 -1.369688945210709163e-01
1.100241038157411033e+01 -1.233732072875795283e-01
1.125906032173997318e+01 -1.098570035813877105e-01
1.152169705838977087e+01 -9.641944871217092428e-02
1.179046024373660551e+01 -8.305981710197475609e-02
1.206549278761905875e+01 -6.977739488428229275e-02
1.234694093349080646e+01 -5.657145489036721070e-02
1.263495433618288999e+01 -4.344132725597253664e-02
1.292968614147989292e+01 -3.038630501735869668e-02
1.323129306755234502e+01 -1.740599889849287624e-02
1.353993548828874971e+01 -4.499521766911006304e-03
1.385577751857137230e+01 8.333871617043311919e-03
1.417898710154133290e+01 2.109484437380280270e-02
1.450973609789921071e+01 3.378404637500334595e-02
1.484820037728882447e+01 4.640213566563573810e-02
1.519455991181264132e+01 5.894971600684920793e-02
1.554899887172856943e+01 7.142742773432782244e-02
1.591170572337914102e+01 8.383558455687346866e-02
1.628287332940492504e+01 9.617503072516542240e-02
1.666269905129571427e+01 1.084464170302542885e-01
1.705138485433381845e+01 1.206503332139157308e-01
1.744913741498533000e+01 1.327873563305076443e-01
1.785616823079655902e+01 1.448580642448624722e-01
1.827269373285384901e+01 1.568629868481689338e-01
1.869893540086689399e+01 1.688026878522526364e-01
1.913511988093636518e+01 1.806773982260433675e-01
1.958147910606884068e+01 1.924879107493159547e-01
2.003825041950286945e+01 2.042347794980124698e-01
2.050567670091178130e+01 2.159185176965564279e-01
2.098400649555053832e+01 2.275396271106834012e-01
2.147349414641496779e+01 2.390986066119350772e-01
2.197439992948402931e+01 2.505959139168019156e-01
2.248699019211663597e+01 2.620320386439091709e-01
2.301153749467702525e+01 2.734071340034071040e-01
2.354832075546360670e+01 2.847219462858453509e-01
2.409762539901859668e+01 2.959769416813450849e-01
2.465974350789728220e+01 3.071725647005915105e-01
2.523497397797741115e+01 3.183092501472944980e-01
2.582362267739162576e+01 3.293874273744477610e-01
2.642600260916711363e+01 3.404074919663539478e-01
2.704243407765914498e+01 3.513698600589605925e-01
2.767324485886704366e+01 3.622746390615437795e-01
2.831877037472290581e+01 3.731225170437386662e-01
2.897935387144608299e+01 3.839138902145353693e-01
2.965534660205789308e+01 3.946491439578754257e-01
3.034710801315399564e+01 4.053286555265858127e-01
3.105500593603340320e+01 4.159527947267009362e-01
3.177941678228591016e+01 4.265219045840328849e-01
3.252072574394209425e+01 4.370363276264440655e-01
3.327932699829187868e+01 4.474961634387301102e-01
3.405562391748114237e+01 4.579020232565805815e-01
3.485002928299726221e+01 4.682542535889540058e-01
3.566296550515807695e+01 4.785531908575818560e-01
3.649486484772075556e+01 4.887991648657996624e-01
3.734616965772991648e+01 4.989924970290675055e-01
3.821733260072763727e+01 5.091334882777037718e-01
3.910881690144978506e+01 5.192224202664504906e-01
4.002109659013732568e+01 5.292593924271907779e-01
4.095465675459298183e+01 5.392449536971587465e-01
4.190999379811780301e+01 5.491794119685680098e-01
4.288761570346432705e+01 5.590630665102643837e-01
4.388804230294696396e+01 5.688962108717807720e-01
4.491180555485330927e+01 5.786791305839069643e-01
4.595944982630293651e+01 5.884120956001971381e-01
4.703153218270465175e+01 5.980953398251246389e-01
4.812862268396564502e+01 6.077289709589165367e-01
4.925130468761019387e+01 6.173134895374232656e-01
5.040017515896936828e+01 6.268491755756413486e-01
5.157584498860608591e+01 6.363363024074022434e-01
5.277893931714503850e+01 6.457751378687132116e-01
5.401009786767939858e+01 6.551659432868844890e-01
5.526997528593192754e+01 6.645089677636802916e-01
5.655924148835056542e+01 6.738044094906525672e-01
5.787858201832405314e+01 6.830523923511249151e-01
5.922869841070706087e+01 6.922533809843021135e-01
6.061030856484813256e+01 7.014076375419699971e-01
6.202414712631956917e+01 7.105154194352991670e-01
6.347096587755135033e+01 7.195769789446568865e-01
6.495153413757770977e+01 7.285925642053538986e-01
6.646663917110817010e+01 7.375624128041479155e-01
6.801708660714085397e+01 7.464866984363440761e-01
6.960370086734097583e+01 7.553655687412764719e-01
7.122732560441154703e+01 7.641994638149296470e-01
7.288882415069021192e+01 7.729886369484467723e-01
7.458907997721017580e+01 7.817333391444987178e-01
7.632899716346940977e+01 7.904338158805965797e-01
7.810950087815838572e+01 7.990903120724558439e-01
7.993153787110108510e+01 8.077030618117732041e-01
8.179607697667196931e+01 8.162722239578955596e-01
8.370410962895536500e+01 8.247979762853521191e-01
8.565665038892242933e+01 8.332807438087693752e-01
8.765473748390500930e+01 8.417207782935287597e-01
8.969943335965366771e+01 8.501183322362355632e-01
9.179182524527371356e+01 8.584736514155177911e-01
9.393302573133887279e+01 8.667869858014832785e-01
9.612417336149098901e+01 8.750585723608433897e-01
9.836643323783911796e+01 8.832885629681598294e-01
1.006609976404813125e+02 8.914771705570345706e-01
1.030090866614772835e+02 8.996248126643509035e-01
1.054119488536096299e+02 9.077317452839461787e-01
1.078708618942787041e+02 9.157982287838578594e-01
1.103871332648841843e+02 9.238245148446083688e-01
1.129621009460534253e+02 9.318108650517954450e-01
1.155971341290882037e+02 9.397575240556153009e-01
1.182936339440071123e+02 9.476646427123963656e-01
1.210530342045697552e+02 9.555324726089158283e-01
1.238768021706810742e+02 9.633614293375667437e-01
1.267664393285794233e+02 9.711517770447221087e-01
1.297234821892244270e+02 9.789037883893128011e-01
1.327495031053074968e+02 9.866177254206075498e-01
1.358461111073215193e+02 9.942938634687970012e-01
1.390149527591334504e+02 1.001932459887719729e+00
1.422577130335132551e+02 1.009533667471161467e+00
1.455761162080875408e+02 1.017097778423564192e+00
1.489719267821917867e+02 1.024625208652763186e+00
1.524469504151108197e+02 1.032116233333238320e+00
1.560030348862037499e+02 1.039571139616233486e+00
1.596420710774268059e+02 1.046990202158065264e+00
1.633659939787751796e+02 1.054373710985955004e+00
1.671767837171771873e+02 1.061721938350439487e+00
1.710764666093906214e+02 1.069035040187230834e+00
1.750671162394587554e+02 1.076313349663202912e+00
1.791508545613009176e+02 1.083557283365196744e+00
1.833298530270211302e+02 1.090767127719000529e+00
1.876063337415378669e+02 1.097943185677309641e+00
1.919825706441478417e+02 1.105085744240006163e+00
1.964608907176498462e+02 1.112195107594246224e+00
2.010436752256754858e+02 1.119271562417565091e+00
2.057333609788814499e+02 1.126315267033836109e+00
2.105324416306793864e+02 1.133326593833684948e+00
2.154434690031884543e+02 1.140305958586094182e+00
2.204690544441200188e+02 1.147253657959413031e+00
2.256118702153141271e+02 1.154170008641696610e+00
2.308746509136637712e+02 1.161055308542409348e+00
2.362601949251867950e+02 1.167909873194979520e+00
2.417713659130163251e+02 1.174734001464797783e+00
2.474110943400992824e+02 1.181527851386878769e+00
2.531823790274164878e+02 1.188291831754477057e+00
2.590882887485497577e+02 1.195026352942478498e+00
2.651319638614461951e+02 1.201731720973097550e+00
2.713166179782438121e+02 1.208408261929526217e+00
2.776455396740510650e+02 1.215056281752212586e+00
2.841220942355861894e+02 1.221676102875807413e+00
2.907497254506047852e+02 1.228268032724787684e+00
2.975319574390705952e+02 1.234832224812977719e+00
3.044723965270409849e+02 1.241369120237559853e+00
3.115747331642646145e+02 1.247879118052005021e+00
3.188427438865082308e+02 1.254362531382130941e+00
3.262802933236600893e+02 1.260819690306428820e+00
3.338913362546763892e+02 1.267250903894077574e+00
3.416799197104595009e+02 1.273656495929480492e+00
3.496501851257932003e+02 1.280036777533855474e+00
3.578063705414727451e+02 1.286391892157408012e+00
3.661528128578061114e+02 1.292722307621395172e+00
3.746939501406781119e+02 1.299028406555874593e+00
3.834343239814105573e+02 1.305310504313448972e+00
3.923785819116706080e+02 1.311568929483168722e+00
4.015314798747068608e+02 1.317803988266207149e+00
4.108978847542358608e+02 1.324015999870114646e+00
4.204827769623162226e+02 1.330205273733365168e+00
4.302912530875921107e+02 1.336371937117929010e+00
4.403285286053070990e+02 1.342516478812368463e+00
4.505999406505378602e+02 1.348639259694966341e+00
4.611109508561178814e+02 1.354740592416781686e+00
4.718671482567567068e+02 1.360820797854702446e+00
4.828742522609076673e+02 1.366880173117711372e+00
4.941381156919555906e+02 1.372919026932087672e+00
5.056647279003498738e+02 1.378937661489743061e+00
5.174602179483267719e+02 1.384936181113723297e+00
5.295308578689265460e+02 1.390915090234275064e+00
5.418830660010320344e+02 1.396874722649575462e+00
5.545234104021981238e+02 1.402815383030625584e+00
5.674586123410969094e+02 1.408737378951363750e+00
5.806955498714262376e+02 1.414640991796173974e+00
5.942412614891895828e+02 1.420526514715113153e+00
6.081029498752822064e+02 1.426394238139950810e+00
6.222879857253850560e+02 1.432244234862954935e+00
6.368039116691971913e+02 1.438077022799590265e+00
6.516584462810853893e+02 1.443892903378052761e+00
6.668594881842949462e+02 1.449692168589769237e+00
6.824151202508980987e+02 1.455475107979978144e+00
6.983336138997070748e+02 1.461241981523078604e+00
7.146234334944505235e+02 1.466993062829877958e+00
7.312932408445404917e+02 1.472728614958596749e+00
7.483518998108318101e+02 1.478448706934099688e+00
7.658084810188112215e+02 1.484153833568074177e+00
7.836722666817365734e+02 1.489844271253419894e+00
8.019527555362836893e+02 1.495520295210119199e+00
8.206596678933188969e+02 1.501182173494441718e+00
8.398029508064970514e+02 1.506830139652453271e+00
8.593927833614213796e+02 1.512464444976799882e+00
8.794395820881866257e+02 1.518085318424286401e+00
8.999540065001706353e+02 1.523692829985673347e+00
9.209469647620353498e+02 1.529287440117797159e+00
9.424296194899441161e+02 1.534869400509340842e+00
9.644133936870698562e+02 1.540438966975367974e+00
9.869099768175690315e+02 1.545996383477304725e+00
1.009931331022235440e+03 1.551541854311633273e+00
1.033489697479150891e+03 1.557075606936500156e+00
1.057597602912697994e+03 1.562597833519902890e+00
1.082267866254417186e+03 1.568108603464265283e+00
1.107513605459238534e+03 1.573608340860655375e+00
1.133348244480704807e+03 1.579097271587180717e+00
1.159785520408913726e+03 1.584575630958961368e+00
1.186839490774959131e+03 1.590043637068847548e+00
1.214524541025766439e+03 1.595501464045439910e+00
1.242855392173280734e+03 1.600949314803856716e+00
1.271847108622094993e+03 1.606387343111713495e+00
1.301515106179671420e+03 1.611815617537655898e+00
1.331875160253403919e+03 1.617234524501558912e+00
1.362943414238903642e+03 1.622644264361532640e+00
1.394736388103946865e+03 1.628045050347835865e+00
1.427270987172666992e+03 1.633437075926512883e+00
1.460564511114639572e+03 1.638820484611963169e+00
1.494634663143664056e+03 1.644195455172004605e+00
1.529499559431124226e+03 1.649562102764387195e+00
1.565177738738917014e+03 1.654920496286593767e+00
1.601688172277101557e+03 1.660270984264985428e+00
1.639050273791485097e+03 1.665613743063398156e+00
1.677283909886528818e+03 1.670948963425142209e+00
1.716409410589036270e+03 1.676276816469975950e+00
1.756447580158272558e+03 1.681597416222296193e+00
1.797419708148249583e+03 1.686910918375368329e+00
1.839347580728039929e+03 1.692217400409208317e+00
1.882253492266173907e+03 1.697516933461854727e+00
1.926160257185262253e+03 1.702809828634210376e+00
1.971091222093130682e+03 1.708096239627424628e+00
2.017070278196952813e+03 1.713376336783759557e+00
2.064121874006953476e+03 1.718650269487211890e+00
2.112271028336457221e+03 1.723918124818206499e+00
2.161543343605167138e+03 1.729180036757155259e+00
2.211965019452783054e+03 1.734436046782771745e+00
2.263562866670179119e+03 1.739686230552734747e+00
2.316364321455532263e+03 1.744930863050322412e+00
2.370397460003020569e+03 1.750170077003465607e+00
2.425691013431813644e+03 1.755404025315118188e+00
2.482274383063322603e+03 1.760632836597359807e+00
2.540177656054792806e+03 1.765856574420869407e+00
2.599431621397598065e+03 1.771075353044110567e+00
2.660067786288723710e+03 1.776289180378001875e+00
2.722118392884119658e+03 1.781498139189639396e+00
2.785616435442878355e+03 1.786702470462707248e+00
2.850595677871314365e+03 1.791902287702388019e+00
2.917090671676307011e+03 1.797097729712163749e+00
2.985136774337406678e+03 1.802288904827809679e+00
3.054770168107525933e+03 1.807475856987088125e+00
3.126027879252191269e+03 1.812658682565788437e+00
3.198947797737555902e+03 1.817837358267151648e+00
3.273568697377696481e+03 1.823011976248464894e+00
3.349930256451864352e+03 1.828182745866151926e+00
3.428073078802688087e+03 1.833349762963188745e+00
3.508038715426493582e+03 1.838513155187122772e+00
3.589869686567283679e+03 1.843673011886370228e+00
3.673609504326103433e+03 1.848829360575108716e+00
3.759302695797768138e+03 1.853982282066140019e+00
3.846994826747336447e+03 1.859131724394121221e+00
3.936732525838852325e+03 1.864277791576735899e+00
4.028563509429287933e+03 1.869420664137444010e+00
4.122536606940808269e+03 1.874560421894563733e+00
4.218701786824922237e+03 1.879697184366747154e+00
4.317110183132292150e+03 1.884831023363261915e+00
4.417814122702290661e+03 1.889961952942782908e+00
4.520867152986842484e+03 1.895090040586243196e+00
4.626324070523299270e+03 1.900215207889645486e+00
4.734240950071455700e+03 1.905337572749766784e+00
4.844675174430283732e+03 1.910457289355441901e+00
4.957685464950155620e+03 1.915574423242980329e+00
5.073331912756860220e+03 1.920689087609181334e+00
5.191676010703909924e+03 1.925801338055256329e+00
5.312780686070240336e+03 1.930911177755203934e+00
5.436710334020641312e+03 1.936018662811544555e+00
5.563530851846656333e+03 1.941123690362932752e+00
5.693309674006271962e+03 1.946226394141160387e+00
5.826115807980922000e+03 1.951326904165027631e+00
5.962019870968963005e+03 1.956425274622278110e+00
6.101094127435025257e+03 1.961521612098573897e+00
6.243412527535317167e+03 1.966615959189424334e+00
6.389050746439266732e+03 1.971708310192959335e+00
6.538086224568354737e+03 1.976798711757272065e+00
6.690598208773645638e+03 1.981887038446099369e+00
6.846667794473817594e+03 1.986973441614257929e+00
7.006377968776177113e+03 1.992058028931746438e+00
7.169813654603468422e+03 1.997140845065308978e+00
7.337061755850084410e+03 2.002221991663362122e+00
7.508211203591626145e+03 2.007301498700345466e+00
7.683353003372302737e+03 2.012379353811479810e+00
7.862580283595478249e+03 2.017455595612845709e+00
8.045988345042948822e+03 2.022530077485039435e+00
8.233674711549403582e+03 2.027602969796886256e+00
8.425739181858869415e+03 2.032674359312879542e+00
8.622283882690853716e+03 2.037744282699382126e+00
8.823413323044371282e+03 2.042812838462852554e+00
9.029234449768611739e+03 2.047880044109048114e+00
9.239856704429974343e+03 2.052945882838881353e+00
9.455392081505573515e+03 2.058010386694460792e+00
9.675955187934261630e+03 2.063073389320392081e+00
9.901663304056692141e+03 2.068135081518365670e+00
1.013263644597698476e+04 2.073195530566539713e+00
1.036899742937909832e+04 2.078254766571313805e+00
1.061087193483173542e+04 2.083312886458199120e+00
1.085838857461668522e+04 2.088369895350237204e+00
1.111167896111601294e+04 2.093425773782915833e+00
1.137087777679448300e+04 2.098480548267249279e+00
1.163612284581455060e+04 2.103534033699093975e+00
1.190755520732166042e+04 2.108586442255125704e+00
1.218531919043929884e+04 2.113637822648779530e+00
1.246956249101329922e+04 2.118688199480330603e+00
1.276043625014636382e+04 2.123737669160904673e+00
1.305809513456455352e+04 2.128786224477615452e+00
1.336269741885840995e+04 2.133833844751601205e+00
1.367440506964265114e+04 2.138880551936219288e+00
1.399338383167875145e+04 2.143926143157543152e+00
1.431980331600674617e+04 2.148970852962144296e+00
1.465383709013273437e+04 2.154014712522529962e+00
1.499566277032017751e+04 2.159057742292372684e+00
1.534546211603405754e+04 2.164100038647879920e+00
1.570342112658806400e+04 2.169141582889470232e+00
1.606973014004640936e+04 2.174182354269522222e+00
1.644458393443237219e+04 2.179222368335164361e+00
1.682818183129802856e+04 2.184261413227252202e+00
1.722072780170974875e+04 2.189299738566096831e+00
1.762243057470604253e+04 2.194337361302116207e+00
1.803350374828534041e+04 2.199374298268394146e+00
1.845416590298273877e+04 2.204410647047347016e+00
1.888464071809629240e+04 2.209446376817269186e+00
1.932515709062410315e+04 2.214481467854476637e+00
1.977594925697620783e+04 2.219515919173344010e+00
2.023725691752541024e+04 2.224549542525225743e+00
2.070932536406349755e+04 2.229582571166253580e+00
2.119240561023060945e+04 2.234615019131974911e+00
2.168675452498703817e+04 2.239646900306575095e+00
2.219263496919870886e+04 2.244678314559656496e+00
2.271031593540831091e+04 2.249709218822169898e+00
2.324007269086725501e+04 2.254739595516584316e+00
2.378218692390390788e+04 2.259769427792544860e+00
2.433694689370610649e+04 2.264798551664946924e+00
2.490464758359765619e+04 2.269827184617187577e+00
2.548559085789019082e+04 2.274855338327099741e+00
2.608008562239410821e+04 2.279883024363351218e+00
2.668844798867320787e+04 2.284910345208458704e+00
2.731100144213137173e+04 2.289937245681228362e+00
2.794807701401984014e+04 2.294963710857378381e+00
2.860001345745698200e+04 2.299989708360675067e+00
2.926715742755394604e+04 2.305015098732251300e+00
2.994986366574203930e+04 2.310040083999497895e+00
3.064849518840016026e+04 2.315064673784232863e+00
3.136342347988163601e+04 2.320088877631981017e+00
3.209502869004439344e+04 2.325112801479876090e+00
3.284369983638853591e+04 2.330136377683999616e+00
3.360983501090916252e+04 2.335159594806694994e+00
3.439384159177444235e+04 2.340182405396538545e+00
3.519613645994128456e+04 2.345204695038850762e+00
3.601714622082436836e+04 2.350226650791631844e+00
3.685730743113521021e+04 2.355248280696545127e+00
3.771706683101342060e+04 2.360269592821537810e+00
3.859688158157235739e+04 2.365290696902652812e+00
3.949721950798611942e+04 2.370311513031304607e+00
4.041855934824687574e+04 2.375332033657036934e+00
4.136139100772485835e+04 2.380352196533011000e+00
4.232621581966674421e+04 2.385371912462292077e+00
4.331354681176985468e+04 2.390391353694962806e+00
4.432390897897542891e+04 2.395410526853205990e+00
4.535783956262486026e+04 2.400429438704651641e+00
4.641588833612782037e+04 2.405448202976517180e+00
4.749861789729408338e+04 2.410466727390687236e+00
4.860660396748434869e+04 2.415485008690184454e+00
4.974043569773982745e+04 2.420502970029970502e+00
5.090071598205174087e+04 2.425520547743091004e+00
5.208806177793946699e+04 2.430537899605928143e+00
5.330310443450610910e+04 2.435555031145593574e+00
5.454649002814671258e+04 2.440571948467741059e+00
5.581887970608726027e+04 2.445588769051582734e+00
5.712095003793790238e+04 2.450605389031556225e+00
5.845339337544563750e+04 2.455621809690742285e+00
5.981691822063994914e+04 2.460637939853211886e+00
6.121224960256550548e+04 2.465653741607626070e+00
6.264012946280291362e+04 2.470669358413165817e+00
6.410131704998239002e+04 2.475684794872040850e+00
6.559658932349998213e+04 2.480700058338539016e+00
6.712674136665188416e+04 2.485715264663041157e+00
6.869258680940442719e+04 2.490730303738277751e+00
7.029495826102720457e+04 2.495745179672639757e+00
7.193470775281754322e+04 2.500759787043357107e+00
7.361270719115229440e+04 2.505774113764235977e+00
7.532984882110792387e+04 2.510788289116548722e+00
7.708704570089506160e+04 2.515802316909570457e+00
7.888523218736093258e+04 2.520816209801827856e+00
8.072536443281533138e+04 2.525830070867816524e+00
8.260842089344754640e+04 2.530843795325443679e+00
8.453540284960204735e+04 2.535857386657421664e+00
8.650733493819079013e+04 2.540870725484760673e+00
8.852526569752491196e+04 2.545883825809922563e+00
9.059026812485528353e+04 2.550896802984154110e+00
9.270344024691966479e+04 2.555909660183462773e+00
9.486590570379696146e+04 2.560922415693458909e+00
9.707881434638271458e+04 2.565935159616564931e+00
9.934334284780078451e+04 2.570947792664956211e+00
1.016606953290774982e+05 2.575960317696497359e+00
1.040321039994106541e+05 2.580972601397161448e+00
1.064588298113736819e+05 2.585984683805291340e+00
1.089421631314046244e+05 2.590996666293960971e+00
1.114834244259333645e+05 2.596008551461131297e+00
1.140839649635158567e+05 2.601020363275280634e+00
1.167451675333460589e+05 2.606032178764270846e+00
1.194684471805283247e+05 2.611043904384406922e+00
1.222552519585014525e+05 2.616055542556296132e+00
1.251070636990139610e+05 2.621066946144288146e+00
1.280253988000616810e+05 2.626078181499817976e+00
1.310118090322026837e+05 2.631089336245932220e+00
1.340678823636835732e+05 2.636100412623715084e+00
1.371952438048118202e+05 2.641111440567460278e+00
1.403955562720249582e+05 2.646122484068426317e+00
1.436705214721154189e+05 2.651133455582277865e+00
1.470218808070813247e+05 2.656144357075597817e+00
1.504514163000859553e+05 2.661155027740508938e+00
1.539609515430135943e+05 2.666165560115941968e+00
1.575523526661319775e+05 2.671176028130204827e+00
1.612275293303721410e+05 2.676186433547448118e+00
1.649884357427551004e+05 2.681196812316791078e+00
1.688370716955053213e+05 2.686207215156155570e+00
1.727754836294027045e+05 2.691217560515525520e+00
1.768057657219409884e+05 2.696227850028730000e+00
1.809300610008655640e+05 2.701237909099523993e+00
1.851505624836902425e+05 2.706247856743611901e+00
1.894695143437932420e+05 2.711257753191985032e+00
1.938892131037147774e+05 2.716267599938605670e+00
1.984120088562902529e+05 2.721277439117284924e+00
2.030403065142682462e+05 2.726287308382945085e+00
2.077765670890797919e+05 2.731297132388748050e+00
2.126233089994331240e+05 2.736306912597237684e+00
2.175831094104378426e+05 2.741316460822289969e+00
2.226586056039640389e+05 2.746325922550807430e+00
2.278524963809682522e+05 2.751335344389877591e+00
2.331675434965306777e+05 2.756344727574260300e+00
2.386065731283666973e+05 2.761354120460536077e+00
2.441724773795965011e+05 2.766363547468877915e+00
2.498682158165643341e+05 2.771372939430215787e+00
2.556968170425348508e+05 2.776382297438849456e+00
2.616613803080963844e+05 2.781391419692497369e+00
2.677650771591298399e+05 2.786400478070188758e+00
2.740111531232194393e+05 2.791409505597960639e+00
2.804029294354012818e+05 2.796418503284648693e+00
2.869438048041706206e+05 2.801427525806099439e+00
2.936372572186787729e+05 2.806436584359060404e+00
3.004868457980916719e+05 2.811445616103459333e+00
3.074962126840846613e+05 2.816454622018336185e+00
3.146690849774839589e+05 2.821463386958890318e+00
3.220092767200833187e+05 2.826472109157313284e+00
3.295206909226894495e+05 2.831480808403778138e+00
3.372073216404780978e+05 2.836489485506583641e+00
3.450732560967549216e+05 2.841498201553653402e+00
3.531226768562633661e+05 2.846506954306750714e+00
3.613598640491850674e+05 2.851515687636304808e+00
3.697891976470199879e+05 2.856524402103627569e+00
3.784151597915537423e+05 2.861532868949815622e+00
3.872423371781570604e+05 2.866541313067703101e+00
3.962754234946707147e+05 2.871549740507366000e+00
4.055192219171906472e+05 2.876558151983461986e+00
4.149786476640665787e+05 2.881566614789669245e+00
4.246587306094782543e+05 2.886575113574042728e+00
4.345646179579779273e+05 2.891583598454241510e+00
4.447015769814198138e+05 2.896592061936507978e+00
4.550749978197379969e+05 2.901600285925357792e+00
4.656903963470477029e+05 2.906608497807479985e+00
4.765534171046128613e+05 2.911616698217055266e+00
4.876698363022251287e+05 2.916624887803036081e+00
4.990455648895966006e+05 2.921633140505373039e+00
5.106866516993973637e+05 2.926641427738857271e+00
5.225992866636091494e+05 2.931649706152509083e+00
5.347898041049111634e+05 2.936657954610779164e+00
5.472646861048321007e+05 2.941665981846689704e+00
5.600305659504813375e+05 2.946674001615034122e+00
5.730942316616747994e+05 2.951682014476218807e+00
5.864626296003389871e+05 2.956690020927181806e+00
6.001428681641101139e+05 2.961698101397045146e+00
6.141422215660908259e+05 2.966706213839764850e+00
6.284681337027839618e+05 2.971714321155700667e+00
6.431282221122382907e+05 2.976722389246623912e+00
6.581302820245384937e+05 2.981730252918133761e+00
6.734822905067723477e+05 2.986738112747693741e+00
6.891924107046891004e+05 2.991745969118480453e+00
7.052689961832996923e+05 2.996753822439704784e+00
7.217205953687296715e+05 3.001761759688247100e+00
7.385559560936910566e+05 3.006769725736916588e+00
7.557840302489720052e+05 3.011777690098748295e+00
7.734139785434444202e+05 3.016785605150566152e+00
7.914551753750992939e+05 3.021793332410251054e+00
8.099172138157092268e+05 3.026801059327801635e+00
8.288099107117661042e+05 3.031808785910327320e+00
8.481433119044055929e+05 3.036816512660904799e+00
8.679276975711039267e+05 3.041824333142133963e+00
8.881735876919608563e+05 3.046832178811791803e+00
9.088917476435109274e+05 3.051840025441624693e+00
9.300931939230110729e+05 3.056847812367213812e+00
9.517892000062591396e+05 3.061855427369015281e+00
9.739913023420545505e+05 3.066863044282206907e+00
9.967113064864899497e+05 3.071870663540217095e+00
1.019961293380344170e+06 3.076878285105444810e+00
1.043753625772886327e+06 3.081886009192610576e+00
1.068100954795546830e+06 3.086893753812837371e+00
1.093016226688919356e+06 3.091901502084503761e+00
1.118512689686684869e+06 3.096909178856019018e+00
1.144603901060113218e+06 3.101916699510955500e+00
1.171303734326889040e+06 3.106924224371349297e+00
1.198626386628106469e+06 3.111931753462582328e+00
1.226586386277321959e+06 3.116939287385001922e+00
1.255198600485723931e+06 3.121946932556675769e+00
1.284478243267495418e+06 3.126954594195622494e+00
1.314440883529582992e+06 3.131962260693074818e+00
1.345102453350174939e+06 3.136969845352576503e+00
1.376479256450284738e+06 3.141977288732340057e+00
1.408587976862964220e+06 3.146984738131370474e+00
1.441445687804711517e+06 3.151992193855730484e+00
1.475069860753848683e+06 3.156999655556623985e+00
1.509478374740652740e+06 3.162007237003557680e+00
1.544689525854199659e+06 3.167014829528440156e+00
1.580722036970968591e+06 3.172022428712854669e+00
1.617595067710382864e+06 3.177029933488936475e+00
1.655328224622593960e+06 3.182037312061142487e+00
1.693941571613881271e+06 3.187044697890451417e+00
1.733455640615276061e+06 3.192052091285620286e+00
1.773891442500030622e+06 3.197059494546034664e+00
1.815270478255761554e+06 3.202067020932477082e+00
1.857614750417199917e+06 3.207074555426436824e+00
1.900946774765628157e+06 3.212082098375142358e+00
1.945289592301243450e+06 3.217089534934260975e+00
1.990666781494760187e+06 3.222096860127139806e+00
2.037102470824839314e+06 3.227104194059684517e+00
2.084621351607955527e+06 3.232111536687082953e+00
2.133248691127546132e+06 3.237118897541693130e+00
2.183010346069422085e+06 3.242126375983434450e+00
2.233932776270574424e+06 3.247133863317679392e+00
2.286043058788720984e+06 3.252141360207165821e+00
2.339368902300002985e+06 3.257148738606935101e+00
2.393938661832576618e+06 3.262156019273950047e+00
2.449781353843869176e+06 3.267163309972657359e+00
2.506926671649542637e+06 3.272170609853466861e+00
2.565405001212361734e+06 3.277177936028139449e+00
2.625247437299363781e+06 3.282185372615245011e+00
2.686485800015942194e+06 3.287192820534849069e+00
2.749152651725567412e+06 3.292200278490574838e+00
2.813281314364241436e+06 3.297207604912011369e+00
2.878905887158811092e+06 3.302214848522137203e+00
2.946061264758602716e+06 3.307222102591098611e+00
3.014783155789996497e+06 3.312229368480255953e+00
3.085108101843851618e+06 3.317236666047645333e+00
3.157073496905781329e+06 3.322244070506418456e+00
3.230717607239738572e+06 3.327251485744268322e+00
3.306079591735382564e+06 3.332258912891634672e+00
3.383199522730093449e+06 3.337266195193965501e+00
3.462118407316694967e+06 3.342273409480831958e+00
3.542878209148208145e+06 3.347280634259625298e+00
3.625521870751271956e+06 3.352287870843492001e+00
3.710093336359995883e+06 3.357295147227000953e+00
3.796637575282517821e+06 3.362302524292951844e+00
3.885200605812591501e+06 3.367309912039367692e+00
3.975829519698963035e+06 3.372317311833009423e+00
4.068572507185532711e+06 3.377324554395140677e+00
4.163478882635616697e+06 3.382331742987756407e+00
4.260599110753976740e+06 3.387338942966926503e+00
4.359984833420442417e+06 3.392346154895804045e+00
4.461688897149553522e+06 3.397353414019358198e+00
4.565765381190710701e+06 3.402360767482403681e+00
4.672269626283806749e+06 3.407368133246581721e+00
4.781258264085642993e+06 3.412375511645799886e+00
4.892789247282751836e+06 3.417382720764340132e+00
5.006921880406701006e+06 3.422389888097590482e+00
5.123716851368119940e+06 3.427397069088611303e+00
5.243236263726409525e+06 3.432404260487631920e+00
5.365543669712148607e+06 3.437411508720705999e+00
5.490704104019814171e+06 3.442418843369845938e+00
5.618784118388771079e+06 3.447426192197617034e+00
5.749851816990917549e+06 3.452433552360941960e+00
5.883976892643858679e+06 3.457440728916450823e+00
6.021230663868701085e+06 3.462447880769158992e+00
6.161686112812399864e+06 3.467455043087814825e+00
6.305417924054647796e+06 3.472462218954650570e+00
6.452502524320022203e+06 3.477469456142678439e+00
6.603018123116467148e+06 3.482476775182983708e+00
6.757044754321744666e+06 3.487484107587015547e+00
6.914664318740015849e+06 3.492491451750073139e+00
7.075960627650991082e+06 3.497498602673642765e+00
7.241019447375078686e+06 3.502505738614286823e+00
7.409928544878022745e+06 3.507512888418172547e+00
7.582777734439359047e+06 3.512520051682732625e+00
7.759658925409488380e+06 3.517527283297749996e+00
7.940666171080758795e+06 3.522534590014197775e+00
8.125895718698618002e+06 3.527541909386389118e+00
8.315446060639210045e+06 3.532549242879218898e+00
8.509417986780928448e+06 3.537556368420479824e+00
8.707914638097550720e+06 3.542563493326803314e+00
8.911041561501536518e+06 3.547570631682820608e+00
9.118906765966646373e+06 3.552577783285126412e+00
9.331620779959680513e+06 3.557585011008806752e+00
9.549296710212029517e+06 3.562592306374808615e+00
9.772050301861952990e+06 3.567599615326916940e+00
1.000000000000000000e+07 3.572606937021475471e+00
