1.000000000000000000e+00 -4.200589566001396769e+00
1.023326701264995586e+00 -4.169550276625868079e+00
1.047197537521897592e+00 -4.138667532566937091e+00
1.071625201645109993e+00 -4.107942161209140686e+00
1.096622682591926079e+00 -4.077374937851435455e+00
1.122203272309166167e+00 -4.046966576325790044e+00
1.148380572800922428e+00 -4.016717818264932127e+00
1.175168503361174288e+00 -3.986629316230733799e+00
1.202581307975112423e+00 -3.956701706816414976e+00
1.230633562893115540e+00 -3.926936220806421574e+00
1.259340184381400496e+00 -3.897332593030422565e+00
1.288716436653469799e+00 -3.867891248568293694e+00
1.318777939986574887e+00 -3.838612552646381459e+00
1.349540679027508183e+00 -3.809496810569994452e+00
1.381021011292142164e+00 -3.780544347367928992e+00
1.413235675863236063e+00 -3.751755395069239274e+00
1.446201802291132044e+00 -3.723130209372450317e+00
1.479936919702075526e+00 -3.694669482938853111e+00
1.514458966119003547e+00 -3.666372598870411892e+00
1.549786297999755647e+00 -3.638239558726347855e+00
1.585937699997779449e+00 -3.610270300528558352e+00
1.622932394950521884e+00 -3.582464709606043129e+00
1.660790054100816704e+00 -3.554822685015671890e+00
1.699530807556702383e+00 -3.527344035006756418e+00
1.739175254995234177e+00 -3.500028630673525321e+00
1.779744476615980675e+00 -3.472876636812115336e+00
1.821260044350027751e+00 -3.445887093153631842e+00
1.863744033330453576e+00 -3.419059591081738070e+00
1.907219033630370930e+00 -3.392393658881203589e+00
1.951708162274780278e+00 -3.365888784186496174e+00
1.997235075532617810e+00 -3.339544465213668101e+00
2.043823981495537900e+00 -3.313360116570626790e+00
2.091499652950118193e+00 -3.287335253760606868e+00
2.140287440550328046e+00 -3.261469558141047997e+00
2.190213286297267192e+00 -3.235761765098046805e+00
2.241303737333347978e+00 -3.210211099718258243e+00
2.293585960058241113e+00 -3.184816730322133083e+00
2.347087754574107787e+00 -3.159577796648065817e+00
2.401837569467787592e+00 -3.134493450509300505e+00
2.457864516937805721e+00 -3.109562770544558319e+00
2.515198388274246799e+00 -3.084784972061113795e+00
2.573869669699718532e+00 -3.060159324119051227e+00
2.633909558579837107e+00 -3.035684319865195047e+00
2.695349980011845226e+00 -3.011358885386094641e+00
2.758223603800193491e+00 -2.987181899500524374e+00
2.822563861828100151e+00 -2.963152225555321984e+00
2.888404965834336924e+00 -2.939268742265827239e+00
2.955781925604684002e+00 -2.915530267930434238e+00
3.024730567587738062e+00 -2.891935789806304946e+00
3.095287553944958248e+00 -2.868484251950063513e+00
3.167490402045090914e+00 -2.845173980351740184e+00
3.241377504413337718e+00 -2.822003682354822462e+00
3.316988149145864817e+00 -2.798972028038779758e+00
3.394362540800521355e+00 -2.776077686914725895e+00
3.473541821774866811e+00 -2.753319346210516994e+00
3.554568094182876781e+00 -2.730695646937596699e+00
3.637484442241965876e+00 -2.708205426949346517e+00
3.722334955182213356e+00 -2.685847397852107576e+00
3.809164750689999934e+00 -2.663619796561674580e+00
3.898019998898497374e+00 -2.641521194485549451e+00
3.988947946937781097e+00 -2.619550135219540277e+00
4.081996944057615373e+00 -2.597705177092568540e+00
4.177216467336273276e+00 -2.575984896932722368e+00
4.274657147989046280e+00 -2.554387839659043369e+00
4.374370798290465601e+00 -2.532912770126311219e+00
4.476410439124507867e+00 -2.511558256176074977e+00
4.580830328177473376e+00 -2.490322518708967703e+00
4.687685988788500957e+00 -2.469204070528332018e+00
4.797034239473075168e+00 -2.448201404817321514e+00
4.908933224135219042e+00 -2.427313043837855400e+00
5.023442442984433320e+00 -2.406537528011185145e+00
5.140622784173831228e+00 -2.385873378302079573e+00
5.260536556176284684e+00 -2.365319354529087370e+00
5.383247520915797502e+00 -2.344873958955890014e+00
5.508820927671727929e+00 -2.324535459286534600e+00
5.637323547773882559e+00 -2.304302375790791224e+00
5.768823710106929070e+00 -2.284173216041291088e+00
5.903391337443017584e+00 -2.264146528898892896e+00
6.041097983621914302e+00 -2.244220880699788534e+00
6.182016871598429830e+00 -2.224394827242532457e+00
6.326222932377369546e+00 -2.204667178857813159e+00
6.473792844856699702e+00 -2.185036435500821383e+00
6.624805076600138065e+00 -2.165500961694558413e+00
6.779339925560816660e+00 -2.146059337406869272e+00
6.937479562778231745e+00 -2.126710133755823851e+00
7.099308076071172202e+00 -2.107451975192860427e+00
7.264911514749855748e+00 -2.088283500698802087e+00
7.434377935371050405e+00 -2.069203345657852466e+00
7.607797448560526199e+00 -2.050210411853286896e+00
7.785262266927693631e+00 -2.031303244731848867e+00
7.966866754097958747e+00 -2.012480339489240322e+00
8.152707474888828187e+00 -1.993740373513762210e+00
8.342883246656457530e+00 -1.975082016420771858e+00
8.537495191839946429e+00 -1.956504001675908544e+00
8.736646791731333295e+00 -1.938005072819600771e+00
8.940443941499832903e+00 -1.919583974837512530e+00
9.148995006499641036e+00 -1.901239727917225064e+00
9.362410879891195137e+00 -1.882970955283564507e+00
9.580805041606561545e+00 -1.864776303221773013e+00
9.804293618690282486e+00 -1.846654568995153234e+00
1.003299544704777091e+01 -1.828604544585895386e+00
1.026703213463411934e+01 -1.810625090364633261e+00
1.050652812611683729e+01 -1.792715073870875919e+00
1.075161076904703705e+01 -1.774873366917645301e+00
1.100241038157411033e+01 -1.757099123092607185e+00
1.125906032173997318e+01 -1.739391062242947816e+00
1.152169705838977087e+01 -1.721747991642084363e+00
1.179046024373660551e+01 -1.704168839502958166e+00
1.206549278761905875e+01 -1.686652530970211172e+00
1.234694093349080646e+01 -1.669198062784770231e+00
1.263495433618288999e+01 -1.651804434811093625e+00
1.292968614147989292e+01 -1.634470652940554158e+00
1.323129306755234502e+01 -1.617196009956009650e+00
1.353993548828874971e+01 -1.599979331172671992e+00
1.385577751857137230e+01 -1.582819585604330337e+00
1.417898710154133290e+01 -1.565715835801765987e+00
1.450973609789921071e+01 -1.548667142237529770e+00
1.484820037728882447e+01 -1.531672639828432603e+00
1.519455991181264132e+01 -1.514731461344409613e+00
1.554899887172856943e+01 -1.497842746826800298e+00
1.591170572337914102e+01 -1.481005927451528592e+00
1.628287332940492504e+01 -1.464219935351539048e+00
1.666269905129571427e+01 -1.447483896229720512e+00
1.705138485433381845e+01 -1.430797004331016087e+00
1.744913741498533000e+01 -1.414158452144404610e+00
1.785616823079655902e+01 -1.397567508674925962e+00
1.827269373285384901e+01 -1.381023435240142483e+00
1.869893540086689399e+01 -1.364525501112578088e+00
1.913511988093636518e+01 -1.348073270627773379e+00
1.958147910606884068e+01 -1.331665778915156473e+00
2.003825041950286945e+01 -1.315302299714383949e+00
2.050567670091178130e+01 -1.298982152067629237e+00
2.098400649555053832e+01 -1.282704653954270357e+00
2.147349414641496779e+01 -1.266469200532881034e+00
2.197439992948402931e+01 -1.250275174159920732e+00
2.248699019211663597e+01 -1.234121965009451483e+00
2.301153749467702525e+01 -1.218009263717878099e+00
2.354832075546360670e+01 -1.201936200267184951e+00
2.409762539901859668e+01 -1.185902186127837599e+00
2.465974350789728220e+01 -1.169906655583973887e+00
2.523497397797741115e+01 -1.153949044639183574e+00
2.582362267739162576e+01 -1.138028863614544584e+00
2.642600260916711363e+01 -1.122145607000418321e+00
2.704243407765914498e+01 -1.106298782924014512e+00
2.767324485886704366e+01 -1.090488179261803525e+00
2.831877037472290581e+01 -1.074713031756937998e+00
2.897935387144608299e+01 -1.058972871580002417e+00
2.965534660205789308e+01 -1.043267238238995143e+00
3.034710801315399564e+01 -1.027595675658876662e+00
3.105500593603340320e+01 -1.011957799283913717e+00
3.177941678228591016e+01 -9.963532055904882334e-01
3.252072574394209425e+01 -9.807815198050341410e-01
3.327932699829187868e+01 -9.652425894426206465e-01
3.405562391748114237e+01 -9.497357743469780900e-01
3.485002928299726221e+01 -9.342607046638875534e-01
3.566296550515807695e+01 -9.188170149033151324e-01
3.649486484772075556e+01 -9.034043467029689856e-01
3.734616965772991648e+01 -8.880224105627516629e-01
3.821733260072763727e+01 -8.726708948273766975e-01
3.910881690144978506e+01 -8.573495308278429317e-01
4.002109659013732568e+01 -8.420582190429417579e-01
4.095465675459298183e+01 -8.267964309836117742e-01
4.190999379811780301e+01 -8.115638858406413192e-01
4.288761570346432705e+01 -7.963603026595160728e-01
4.388804230294696396e+01 -7.811854127217896515e-01
4.491180555485330927e+01 -7.660390102282319535e-01
4.595944982630293651e+01 -7.509208663264659300e-01
4.703153218270465175e+01 -7.358308082041973286e-01
4.812862268396564502e+01 -7.207687825409732074e-01
4.925130468761019387e+01 -7.057343611224021762e-01
5.040017515896936828e+01 -6.907273428216218480e-01
5.157584498860608591e+01 -6.757475221403791421e-01
5.277893931714503850e+01 -6.607947107369968043e-01
5.401009786767939858e+01 -6.458687776518432511e-01
5.526997528593192754e+01 -6.309695679089463161e-01
5.655924148835056542e+01 -6.160969952314966358e-01
5.787858201832405314e+01 -6.012510459550528541e-01
5.922869841070706087e+01 -5.864313819027647812e-01
6.061030856484813256e+01 -5.716378723292189212e-01
6.202414712631956917e+01 -5.568703806549122337e-01
6.347096587755135033e+01 -5.421287895200417317e-01
6.495153413757770977e+01 -5.274130342785363634e-01
6.646663917110817010e+01 -5.127230261140751644e-01
6.801708660714085397e+01 -4.980587569383546631e-01
6.960370086734097583e+01 -4.834202465771569868e-01
7.122732560441154703e+01 -4.688072378060727519e-01
7.288882415069021192e+01 -4.542196625445308333e-01
7.458907997721017580e+01 -4.396574453108607616e-01
7.632899716346940977e+01 -4.251205328861851207e-01
7.810950087815838572e+01 -4.106089190646519671e-01
7.993153787110108510e+01 -3.961225740814053320e-01
8.179607697667196931e+01 -3.816615606254961657e-01
8.370410962895536500e+01 -3.672259262846498951e-01
8.565665038892242933e+01 -3.528154867739333178e-01
8.765473748390500930e+01 -3.384302297366758028e-01
8.969943335965366771e+01 -3.240701336686689915e-01
9.179182524527371356e+01 -3.097352036606735304e-01
9.393302573133887279e+01 -2.954254846272227897e-01
9.612417336149098901e+01 -2.811409995544670304e-01
9.836643323783911796e+01 -2.668818753387209308e-01
1.006609976404813125e+02 -2.526481820264275813e-01
1.030090866614772835e+02 -2.384398012044667003e-01
1.054119488536096299e+02 -2.242567699828026950e-01
1.078708618942787041e+02 -2.100991144286158963e-01
1.103871332648841843e+02 -1.959668927002017613e-01
1.129621009460534253e+02 -1.818601942944678140e-01
1.155971341290882037e+02 -1.677790892403747125e-01
1.182936339440071123e+02 -1.537237627881189450e-01
1.210530342045697552e+02 -1.396943025094152246e-01
1.238768021706810742e+02 -1.256906495921236433e-01
1.267664393285794233e+02 -1.117128849212699476e-01
1.297234821892244270e+02 -9.776107644953997700e-02
1.327495031053074968e+02 -8.383533005693984130e-02
1.358461111073215193e+02 -6.993577492613782531e-02
1.390149527591334504e+02 -5.606252215954506818e-02
1.422577130335132551e+02 -4.221581028806761782e-02
1.455761162080875408e+02 -2.839573943217050395e-02
1.489719267821917867e+02 -1.460230563760880548e-02
1.524469504151108197e+02 -8.356276379092798974e-04
1.560030348862037499e+02 1.290418992516813822e-02
1.596420710774268059e+02 2.661699822919832981e-02
1.633659939787751796e+02 4.030263319232176705e-02
1.671767837171771873e+02 5.396094781047416911e-02
1.710764666093906214e+02 6.759165506218901831e-02
1.750671162394587554e+02 8.119464699436663990e-02
1.791508545613009176e+02 9.476987769750068458e-02
1.833298530270211302e+02 1.083171943478196536e-01
1.876063337415378669e+02 1.218364622466182323e-01
1.919825706441478417e+02 1.353274934075195945e-01
1.964608907176498462e+02 1.487900936063205060e-01
2.010436752256754858e+02 1.622240845865186853e-01
2.057333609788814499e+02 1.756291353983051307e-01
2.105324416306793864e+02 1.890051345618863066e-01
2.154434690031884543e+02 2.023519911677448269e-01
2.204690544441200188e+02 2.156695234125625693e-01
2.256118702153141271e+02 2.289575699518550389e-01
2.308746509136637712e+02 2.422159091510144857e-01
2.362601949251867950e+02 2.554443207994661624e-01
2.417713659130163251e+02 2.686425998544704763e-01
2.474110943400992824e+02 2.818103758001944681e-01
2.531823790274164878e+02 2.949475379253130303e-01
2.590882887485497577e+02 3.080539548535504712e-01
2.651319638614461951e+02 3.211294209185142079e-01
2.713166179782438121e+02 3.341737513321601516e-01
2.776455396740510650e+02 3.471866962279135937e-01
2.841220942355861894e+02 3.601680134685414925e-01
2.907497254506047852e+02 3.731174755823215561e-01
2.975319574390705952e+02 3.860346767306995219e-01
3.044723965270409849e+02 3.989195112465451221e-01
3.115747331642646145e+02 4.117718117465157812e-01
3.188427438865082308e+02 4.245913532351760500e-01
3.262802933236600893e+02 4.373779320085038891e-01
3.338913362546763892e+02 4.501312739265199148e-01
3.416799197104595009e+02 4.628511194161548103e-01
3.496501851257932003e+02 4.755372228710690319e-01
3.578063705414727451e+02 4.881891473058202480e-01
3.661528128578061114e+02 5.008067963393011413e-01
3.746939501406781119e+02 5.133899711268797850e-01
3.834343239814105573e+02 5.259384316494105649e-01
3.923785819116706080e+02 5.384519598895944892e-01
4.015314798747068608e+02 5.509302612838217206e-01
4.108978847542358608e+02 5.633730633232225671e-01
4.204827769623162226e+02 5.757801065110460526e-01
4.302912530875921107e+02 5.881509268429356840e-01
4.403285286053070990e+02 6.004854414782626604e-01
4.505999406505378602e+02 6.127834245745353847e-01
4.611109508561178814e+02 6.250446253432583310e-01
4.718671482567567068e+02 6.372688160572467231e-01
4.828742522609076673e+02 6.494556854738928742e-01
4.941381156919555906e+02 6.616049526370799683e-01
5.056647279003498738e+02 6.737163483606720682e-01
5.174602179483267719e+02 6.857893856193544302e-01
5.295308578689265460e+02 6.978239994087030995e-01
5.418830660010320344e+02 7.098199412221251059e-01
5.545234104021981238e+02 7.217769542019946138e-01
5.674586123410969094e+02 7.336948038884345547e-01
5.806955498714262376e+02 7.455731675720997931e-01
5.942412614891895828e+02 7.574117597426833770e-01
6.081029498752822064e+02 7.692103057696196844e-01
6.222879857253850560e+02 7.809682990574030592e-01
6.368039116691971913e+02 7.926856970913972456e-01
6.516584462810853893e+02 8.043622327256073623e-01
6.668594881842949462e+02 8.159976474710327610e-01
6.824151202508980987e+02 8.275917034005092487e-01
6.983336138997070748e+02 8.391440709996456082e-01
7.146234334944505235e+02 8.506544640860760342e-01
7.312932408445404917e+02 8.621225956249128908e-01
7.483518998108318101e+02 8.735479758888899937e-01
7.658084810188112215e+02 8.849305561988404234e-01
7.836722666817365734e+02 8.962700656207034378e-01
8.019527555362836893e+02 9.075662478872841277e-01
8.206596678933188969e+02 9.188188658887374016e-01
8.398029508064970514e+02 9.300275865778371287e-01
8.593927833614213796e+02 9.411921271647828435e-01
8.794395820881866257e+02 9.523121891734538380e-01
8.999540065001706353e+02 9.633873116047330099e-01
9.209469647620353498e+02 9.744174351107094401e-01
9.424296194899441161e+02 9.854022914279222389e-01
9.644133936870698562e+02 9.963416304614242103e-01
9.869099768175690315e+02 1.007235218991466841e+00
1.009931331022235440e+03 1.018082724475887657e+00
1.033489697479150891e+03 1.028883870987143956e+00
1.057597602912697994e+03 1.039638352040225255e+00
1.082267866254417186e+03 1.050345738919584493e+00
1.107513605459238534e+03 1.061005964925888945e+00
1.133348244480704807e+03 1.071618767952187357e+00
1.159785520408913726e+03 1.082183907970072356e+00
1.186839490774959131e+03 1.092701157908749110e+00
1.214524541025766439e+03 1.103170190141596896e+00
1.242855392173280734e+03 1.113590738619097964e+00
1.271847108622094993e+03 1.123962492079528364e+00
1.301515106179671420e+03 1.134285057451088985e+00
1.331875160253403919e+03 1.144558363783298782e+00
1.362943414238903642e+03 1.154782158738399511e+00
1.394736388103946865e+03 1.164956214674406798e+00
1.427270987172666992e+03 1.175080314739643139e+00
1.460564511114639572e+03 1.185154139227808434e+00
1.494634663143664056e+03 1.195177435113261355e+00
1.529499559431124226e+03 1.205149889491007098e+00
1.565177738738917014e+03 1.215071148170014936e+00
1.601688172277101557e+03 1.224941138975512711e+00
1.639050273791485097e+03 1.234759622800470691e+00
1.677283909886528818e+03 1.244526386990325140e+00
1.716409410589036270e+03 1.254241228040330114e+00
1.756447580158272558e+03 1.263903838019668990e+00
1.797419708148249583e+03 1.273513979793022388e+00
1.839347580728039929e+03 1.283071342009368898e+00
1.882253492266173907e+03 1.292575612633642734e+00
1.926160257185262253e+03 1.302026721440346479e+00
1.971091222093130682e+03 1.311424445636663050e+00
2.017070278196952813e+03 1.320768591783187507e+00
2.064121874006953476e+03 1.330058971232512155e+00
2.112271028336457221e+03 1.339295292811224725e+00
2.161543343605167138e+03 1.348477338232227929e+00
2.211965019452783054e+03 1.357604801199075117e+00
2.263562866670179119e+03 1.366677415385241234e+00
2.316364321455532263e+03 1.375695116108936800e+00
2.370397460003020569e+03 1.384657700303588701e+00
2.425691013431813644e+03 1.393564998353054474e+00
2.482274383063322603e+03 1.402416838486281181e+00
2.540177656054792806e+03 1.411212951672526250e+00
2.599431621397598065e+03 1.419953141977412070e+00
2.660067786288723710e+03 1.428637112210082494e+00
2.722118392884119658e+03 1.437264645861020984e+00
2.785616435442878355e+03 1.445835688061517965e+00
2.850595677871314365e+03 1.454350059514717408e+00
2.917090671676307011e+03 1.462807619616165233e+00
2.985136774337406678e+03 1.471208216342871911e+00
3.054770168107525933e+03 1.479551608797422979e+00
3.126027879252191269e+03 1.487837627729334589e+00
3.198947797737555902e+03 1.496065989899247883e+00
3.273568697377696481e+03 1.504236533527349540e+00
3.349930256451864352e+03 1.512349218719127197e+00
3.428073078802688087e+03 1.520403894898185060e+00
3.508038715426493582e+03 1.528400456105296623e+00
3.589869686567283679e+03 1.536338774902668236e+00
3.673609504326103433e+03 1.544218644406118335e+00
3.759302695797768138e+03 1.552039927647286488e+00
3.846994826747336447e+03 1.559802361102236912e+00
3.936732525838852325e+03 1.567505843574005464e+00
4.028563509429287933e+03 1.575150356249068961e+00
4.122536606940808269e+03 1.582735783159806120e+00
4.218701786824922237e+03 1.590262059454752075e+00
4.317110183132292150e+03 1.597729088180128931e+00
4.417814122702290661e+03 1.605136703130762621e+00
4.520867152986842484e+03 1.612484806142304050e+00
4.626324070523299270e+03 1.619773160039422732e+00
4.734240950071455700e+03 1.627001730899548804e+00
4.844675174430283732e+03 1.634170527899978964e+00
4.957685464950155620e+03 1.641279476598914266e+00
5.073331912756860220e+03 1.648328560187398706e+00
5.191676010703909924e+03 1.655317718961783147e+00
5.312780686070240336e+03 1.662246834732919121e+00
5.436710334020641312e+03 1.669115855310045360e+00
5.563530851846656333e+03 1.675924577075459609e+00
5.693309674006271962e+03 1.682673040617239879e+00
5.826115807980922000e+03 1.689361290401237614e+00
5.962019870968963005e+03 1.695989301336840560e+00
6.101094127435025257e+03 1.702557110674918883e+00
6.243412527535317167e+03 1.709064704114272804e+00
6.389050746439266732e+03 1.715512018600868549e+00
6.538086224568354737e+03 1.721899055150003965e+00
6.690598208773645638e+03 1.728225650906723754e+00
6.846667794473817594e+03 1.734491928101082214e+00
7.006377968776177113e+03 1.740697973603663407e+00
7.169813654603468422e+03 1.746843818684769678e+00
7.337061755850084410e+03 1.752929561896501287e+00
7.508211203591626145e+03 1.758955240477344084e+00
7.683353003372302737e+03 1.764920853589255323e+00
7.862580283595478249e+03 1.770826462052569328e+00
8.045988345042948822e+03 1.776671950226582863e+00
8.233674711549403582e+03 1.782457528283607262e+00
8.425739181858869415e+03 1.788183331645659235e+00
8.622283882690853716e+03 1.793849453871859012e+00
8.823413323044371282e+03 1.799456060943680269e+00
9.029234449768611739e+03 1.805003246412180573e+00
9.239856704429974343e+03 1.810491077330176113e+00
9.455392081505573515e+03 1.815919679363949824e+00
9.675955187934261630e+03 1.821288988864243175e+00
9.901663304056692141e+03 1.826599308443135561e+00
1.013263644597698476e+04 1.831850826306379965e+00
1.036899742937909832e+04 1.837043702222367569e+00
1.061087193483173542e+04 1.842178173475094605e+00
1.085838857461668522e+04 1.847254392604001705e+00
1.111167896111601294e+04 1.852272497830797171e+00
1.137087777679448300e+04 1.857232682283903591e+00
1.163612284581455060e+04 1.862134936581218092e+00
1.190755520732166042e+04 1.866979657699049389e+00
1.218531919043929884e+04 1.871767088191219841e+00
1.246956249101329922e+04 1.876497455291002758e+00
1.276043625014636382e+04 1.881171068537500490e+00
1.305809513456455352e+04 1.885788139427372778e+00
1.336269741885840995e+04 1.890348877629242308e+00
1.367440506964265114e+04 1.894853543366621595e+00
1.399338383167875145e+04 1.899302180721019306e+00
1.431980331600674617e+04 1.903695279798580220e+00
1.465383709013273437e+04 1.908033135851323614e+00
1.499566277032017751e+04 1.912316041724193560e+00
1.534546211603405754e+04 1.916544376220984613e+00
1.570342112658806400e+04 1.920718406949677881e+00
1.606973014004640936e+04 1.924838411662537219e+00
1.644458393443237219e+04 1.928904711123472726e+00
1.682818183129802856e+04 1.932917406585720643e+00
1.722072780170974875e+04 1.936877068552634418e+00
1.762243057470604253e+04 1.940784042496819906e+00
1.803350374828534041e+04 1.944638681214726716e+00
1.845416590298273877e+04 1.948441427373218016e+00
1.888464071809629240e+04 1.952192597514114114e+00
1.932515709062410315e+04 1.955892531099881371e+00
1.977594925697620783e+04 1.959541591648131353e+00
2.023725691752541024e+04 1.963139962123381821e+00
2.070932536406349755e+04 1.966688253531138741e+00
2.119240561023060945e+04 1.970186864014359829e+00
2.168675452498703817e+04 1.973636197718068752e+00
2.219263496919870886e+04 1.977036752531294628e+00
2.271031593540831091e+04 1.980388884052770360e+00
2.324007269086725501e+04 1.983692984086099953e+00
2.378218692390390788e+04 1.986949448897844306e+00
2.433694689370610649e+04 1.990158532849632955e+00
2.490464758359765619e+04 1.993320876805621422e+00
2.548559085789019082e+04 1.996436920661279091e+00
2.608008562239410821e+04 1.999507108851423798e+00
2.668844798867320787e+04 2.002531982824746759e+00
2.731100144213137173e+04 2.005511925541106688e+00
2.794807701401984014e+04 2.008447369320029097e+00
2.860001345745698200e+04 2.011338731151571579e+00
2.926715742755394604e+04 2.014186324547651896e+00
2.994986366574203930e+04 2.016990807900136407e+00
3.064849518840016026e+04 2.019752650375386427e+00
3.136342347988163601e+04 2.022472324049304770e+00
3.209502869004439344e+04 2.025150401706918402e+00
3.284369983638853591e+04 2.027787280238289913e+00
3.360983501090916252e+04 2.030383419960926972e+00
3.439384159177444235e+04 2.032939245639707515e+00
3.519613645994128456e+04 2.035455116972873846e+00
3.601714622082436836e+04 2.037931696816644322e+00
3.685730743113521021e+04 2.040369470492390036e+00
3.771706683101342060e+04 2.042768924692709653e+00
3.859688158157235739e+04 2.045130650137078288e+00
3.949721950798611942e+04 2.047455044505404942e+00
4.041855934824687574e+04 2.049742582948167247e+00
4.136139100772485835e+04 2.051993684908886895e+00
4.232621581966674421e+04 2.054208743189516184e+00
4.331354681176985468e+04 2.056388412157851509e+00
4.432390897897542891e+04 2.058533180491310954e+00
4.535783956262486026e+04 2.060643536919751551e+00
4.641588833612782037e+04 2.062720077537686159e+00
4.749861789729408338e+04 2.064763188430323471e+00
4.860660396748434869e+04 2.066773347656914783e+00
4.974043569773982745e+04 2.068750957447503147e+00
5.090071598205174087e+04 2.070696432102028695e+00
5.208806177793946699e+04 2.072610406086178081e+00
5.330310443450610910e+04 2.074493360181290047e+00
5.454649002814671258e+04 2.076345774547255107e+00
5.581887970608726027e+04 2.078168238692836844e+00
5.712095003793790238e+04 2.079961117353642752e+00
5.845339337544563750e+04 2.081724880720524862e+00
5.981691822063994914e+04 2.083459903436805316e+00
6.121224960256550548e+04 2.085166611110524926e+00
6.264012946280291362e+04 2.086845608296598709e+00
6.410131704998239002e+04 2.088497358147091809e+00
6.559658932349998213e+04 2.090122325047339746e+00
6.712674136665188416e+04 2.091721075715974987e+00
6.869258680940442719e+04 2.093293951401662856e+00
7.029495826102720457e+04 2.094841403538159064e+00
7.193470775281754322e+04 2.096363770940250504e+00
7.361270719115229440e+04 2.097861482607474404e+00
7.532984882110792387e+04 2.099335105669205337e+00
7.708704570089506160e+04 2.100785078465492006e+00
7.888523218736093258e+04 2.102211845801916112e+00
8.072536443281533138e+04 2.103615936332220215e+00
8.260842089344754640e+04 2.104997670404922250e+00
8.453540284960204735e+04 2.106357471959334315e+00
8.650733493819079013e+04 2.107695638377623748e+00
8.852526569752491196e+04 2.109012596663560668e+00
9.059026812485528353e+04 2.110308871338315129e+00
9.270344024691966479e+04 2.111584870878910003e+00
9.486590570379696146e+04 2.112841015827197300e+00
9.707881434638271458e+04 2.114077791882519985e+00
9.934334284780078451e+04 2.115295494046516289e+00
1.016606953290774982e+05 2.116494514512554659e+00
1.040321039994106541e+05 2.117675105235359290e+00
1.064588298113736819e+05 2.118837687426239569e+00
1.089421631314046244e+05 2.119982739518521342e+00
1.114834244259333645e+05 2.121110637045627190e+00
1.140839649635158567e+05 2.122221773549920254e+00
1.167451675333460589e+05 2.123316589163318557e+00
1.194684471805283247e+05 2.124395351637927920e+00
1.222552519585014525e+05 2.125458419750042793e+00
1.251070636990139610e+05 2.126505998559327981e+00
1.280253988000616810e+05 2.127538502450569524e+00
1.310118090322026837e+05 2.128556362916516065e+00
1.340678823636835732e+05 2.129559921887302032e+00
1.371952438048118202e+05 2.130549545486187579e+00
1.403955562720249582e+05 2.131525627723560579e+00
1.436705214721154189e+05 2.132488408911313638e+00
1.470218808070813247e+05 2.133438214042447267e+00
1.504514163000859553e+05 2.134375201175764403e+00
1.539609515430135943e+05 2.135299777594380721e+00
1.575523526661319775e+05 2.136212327835262936e+00
1.612275293303721410e+05 2.137113160201462581e+00
1.649884357427551004e+05 2.138002613659339080e+00
1.688370716955053213e+05 2.138881036230424471e+00
1.727754836294027045e+05 2.139748641385278649e+00
1.768057657219409884e+05 2.140605721231644942e+00
1.809300610008655640e+05 2.141452387755837794e+00
1.851505624836902425e+05 2.142289042657472553e+00
1.894695143437932420e+05 2.143116025022008042e+00
1.938892131037147774e+05 2.143933611394367666e+00
1.984120088562902529e+05 2.144742115669430405e+00
2.030403065142682462e+05 2.145541842093092733e+00
2.077765670890797919e+05 2.146332979653409634e+00
2.126233089994331240e+05 2.147115789986573375e+00
2.175831094104378426e+05 2.147890341442789897e+00
2.226586056039640389e+05 2.148657032432547798e+00
2.278524963809682522e+05 2.149416158906953367e+00
2.331675434965306777e+05 2.150167967896066124e+00
2.386065731283666973e+05 2.150912750447042665e+00
2.441724773795965011e+05 2.151650768995510887e+00
2.498682158165643341e+05 2.152382190179997323e+00
2.556968170425348508e+05 2.153107247132395763e+00
2.616613803080963844e+05 2.153825966751258925e+00
2.677650771591298399e+05 2.154538746365509905e+00
2.740111531232194393e+05 2.155245841246441696e+00
2.804029294354012818e+05 2.155947471476322264e+00
2.869438048041706206e+05 2.156643908065048354e+00
2.936372572186787729e+05 2.157335374479475654e+00
3.004868457980916719e+05 2.158022018169482692e+00
3.074962126840846613e+05 2.158704047133289450e+00
3.146690849774839589e+05 2.159381450330884356e+00
3.220092767200833187e+05 2.160054627240920233e+00
3.295206909226894495e+05 2.160723796097434590e+00
3.372073216404780978e+05 2.161389153333559854e+00
3.450732560967549216e+05 2.162050953218380478e+00
3.531226768562633661e+05 2.162709383114817641e+00
3.613598640491850674e+05 2.163364574669390805e+00
3.697891976470199879e+05 2.164016713312138407e+00
3.784151597915537423e+05 2.164665752514787656e+00
3.872423371781570604e+05 2.165312096902806793e+00
3.962754234946707147e+05 2.165955929706267380e+00
4.055192219171906472e+05 2.166597426409007987e+00
4.149786476640665787e+05 2.167236826902386948e+00
4.246587306094782543e+05 2.167874285366939713e+00
4.345646179579779273e+05 2.168509919922671614e+00
4.447015769814198138e+05 2.169143888584007751e+00
4.550749978197379969e+05 2.169776136582979298e+00
4.656903963470477029e+05 2.170407052537444592e+00
4.765534171046128613e+05 2.171036796210157327e+00
4.876698363022251287e+05 2.171665525329029567e+00
4.990455648895966006e+05 2.172293469130687438e+00
5.106866516993973637e+05 2.172920751726778565e+00
5.225992866636091494e+05 2.173547481141964610e+00
5.347898041049111634e+05 2.174173785464832864e+00
5.472646861048321007e+05 2.174799620822958968e+00
5.600305659504813375e+05 2.175425346436782092e+00
5.730942316616747994e+05 2.176051106563702930e+00
5.864626296003389871e+05 2.176677043568028491e+00
6.001428681641101139e+05 2.177303378174733073e+00
6.141422215660908259e+05 2.177930206418313475e+00
6.284681337027839618e+05 2.178557628100462829e+00
6.431282221122382907e+05 2.179185744240450529e+00
6.581302820245384937e+05 2.179814523223101208e+00
6.734822905067723477e+05 2.180444297625272920e+00
6.891924107046891004e+05 2.181075198393398473e+00
7.052689961832996923e+05 2.181707355026270001e+00
7.217205953687296715e+05 2.182340982365347681e+00
7.385559560936910566e+05 2.182976151366962991e+00
7.557840302489720052e+05 2.183612956705180963e+00
7.734139785434444202e+05 2.184251474462084452e+00
7.914551753750992939e+05 2.184891688595019144e+00
8.099172138157092268e+05 2.185533907724008351e+00
8.288099107117661042e+05 2.186178251786135895e+00
8.481433119044055929e+05 2.186824839988269709e+00
8.679276975711039267e+05 2.187473883471994451e+00
8.881735876919608563e+05 2.188125429779703257e+00
9.088917476435109274e+05 2.188779569945708214e+00
9.300931939230110729e+05 2.189436357280253542e+00
9.517892000062591396e+05 2.190095792483818471e+00
9.739913023420545505e+05 2.190758161205107690e+00
9.967113064864899497e+05 2.191423574699499888e+00
1.019961293380344170e+06 2.192092142701286939e+00
1.043753625772886327e+06 2.192764074390257001e+00
1.068100954795546830e+06 2.193439395501142197e+00
1.093016226688919356e+06 2.194118196306663826e+00
1.118512689686684869e+06 2.194800507812253887e+00
1.144603901060113218e+06 2.195486350784926266e+00
1.171303734326889040e+06 2.196175990034811232e+00
1.198626386628106469e+06 2.196869529365411466e+00
1.226586386277321959e+06 2.197567072311268355e+00
1.255198600485723931e+06 2.198268827545988291e+00
1.284478243267495418e+06 2.198974801526083489e+00
1.314440883529582992e+06 2.199685083343941638e+00
1.345102453350174939e+06 2.200399686222087592e+00
1.376479256450284738e+06 2.201118649832245477e+00
1.408587976862964220e+06 2.201842219902730768e+00
1.441445687804711517e+06 2.202570494439572535e+00
1.475069860753848683e+06 2.203303570136415424e+00
1.509478374740652740e+06 2.204041657171063040e+00
1.544689525854199659e+06 2.204784742448433033e+00
1.580722036970968591e+06 2.205532916824457956e+00
1.617595067710382864e+06 2.206286173672747264e+00
1.655328224622593960e+06 2.207044575280210807e+00
1.693941571613881271e+06 2.207808348573915946e+00
1.733455640615276061e+06 2.208577586759205236e+00
1.773891442500030622e+06 2.209352384734122765e+00
1.815270478255761554e+06 2.210132947617744481e+00
1.857614750417199917e+06 2.210919251955247855e+00
1.900946774765628157e+06 2.211711389152866136e+00
1.945289592301243450e+06 2.212509334924127824e+00
1.990666781494760187e+06 2.213313174370527214e+00
2.037102470824839314e+06 2.214123117188668388e+00
2.084621351607955527e+06 2.214939252546178405e+00
2.133248691127546132e+06 2.215761678640976395e+00
2.183010346069422085e+06 2.216590582949995891e+00
2.233932776270574424e+06 2.217425944564356044e+00
2.286043058788720984e+06 2.218267851444493122e+00
2.339368902300002985e+06 2.219116262498147307e+00
2.393938661832576618e+06 2.219971284907882758e+00
2.449781353843869176e+06 2.220833112567143441e+00
2.506926671649542637e+06 2.221701830363883801e+00
2.565405001212361734e+06 2.222577540846461197e+00
2.625247437299363781e+06 2.223460413153774073e+00
2.686485800015942194e+06 2.224350432989918858e+00
2.749152651725567412e+06 2.225247683537270316e+00
2.813281314364241436e+06 2.226152107291502702e+00
2.878905887158811092e+06 2.227063836787951612e+00
2.946061264758602716e+06 2.227983048922419496e+00
3.014783155789996497e+06 2.228909828094577161e+00
3.085108101843851618e+06 2.229844277120307083e+00
3.157073496905781329e+06 2.230786553623822055e+00
3.230717607239738572e+06 2.231736643718591484e+00
3.306079591735382564e+06 2.232694630281411907e+00
3.383199522730093449e+06 2.233660438039665852e+00
3.462118407316694967e+06 2.234634225040018407e+00
3.542878209148208145e+06 2.235616150451862350e+00
3.625521870751271956e+06 2.236606296078516909e+00
3.710093336359995883e+06 2.237604770115286357e+00
3.796637575282517821e+06 2.238611713292898209e+00
3.885200605812591501e+06 2.239627115115130795e+00
3.975829519698963035e+06 2.240651056296925958e+00
4.068572507185532711e+06 2.241683446600367446e+00
4.163478882635616697e+06 2.242724468050724340e+00
4.260599110753976740e+06 2.243774264536843699e+00
4.359984833420442417e+06 2.244832914812244340e+00
4.461688897149553522e+06 2.245900532230093560e+00
4.565765381190710701e+06 2.246977241424702676e+00
4.672269626283806749e+06 2.248063037831225852e+00
4.781258264085642993e+06 2.249157998729195196e+00
4.892789247282751836e+06 2.250262019140319758e+00
5.006921880406701006e+06 2.251375302768596320e+00
5.123716851368119940e+06 2.252497981276927685e+00
5.243236263726409525e+06 2.253630126970068037e+00
5.365543669712148607e+06 2.254771861743591010e+00
5.490704104019814171e+06 2.255923290125652514e+00
5.618784118388771079e+06 2.257084414619995982e+00
5.749851816990917549e+06 2.258255306732020351e+00
5.883976892643858679e+06 2.259435845419811795e+00
6.021230663868701085e+06 2.260626263377318867e+00
6.161686112812399864e+06 2.261826669196149719e+00
6.305417924054647796e+06 2.263037139076729432e+00
6.452502524320022203e+06 2.264257793494201199e+00
6.603018123116467148e+06 2.265488725593579833e+00
6.757044754321744666e+06 2.266729938760989604e+00
6.914664318740015849e+06 2.267981503504763463e+00
7.075960627650991082e+06 2.269243285996022319e+00
7.241019447375078686e+06 2.270515535631802528e+00
7.409928544878022745e+06 2.271798352070752092e+00
7.582777734439359047e+06 2.273091805032833701e+00
7.759658925409488380e+06 2.274396019361144550e+00
7.940666171080758795e+06 2.275711071080500858e+00
8.125895718698618002e+06 2.277036966810643381e+00
8.315446060639210045e+06 2.278373776629002201e+00
8.509417986780928448e+06 2.279721346500271473e+00
8.707914638097550720e+06 2.281079951354403779e+00
8.911041561501536518e+06 2.282449672618232839e+00
9.118906765966646373e+06 2.283830576999281270e+00
9.331620779959680513e+06 2.285222793481926473e+00
9.549296710212029517e+06 2.286626379620826821e+00
9.772050301861952990e+06 2.288041347102514944e+00
1.000000000000000000e+07 2.289467759936305136e+00
