1.000000000000000000e+00 -1.513995399529536767e+00
1.028073223830865190e+00 -1.482083122073735826e+00
1.056934553557988377e+00 -1.450457491246953889e+00
1.086606113854597266e+00 -1.419117597429136124e+00
1.117110650504824054e+00 -1.388063272266852666e+00
1.148471547840289375e+00 -1.357290742585418375e+00
1.180712846666190030e+00 -1.326798807554799398e+00
1.213859262690628160e+00 -1.296585464786074615e+00
1.247936205471311233e+00 -1.266646603076796440e+00
1.282969797894147890e+00 -1.236980732086807144e+00
1.318986896198670156e+00 -1.207584109971527875e+00
1.356015110565633730e+00 -1.178452341818166715e+00
1.394082826282578180e+00 -1.149583719175898189e+00
1.433219225503574057e+00 -1.120972847406752182e+00
1.473454309619835367e+00 -1.092615350219885872e+00
1.514818922258345912e+00 -1.064508962713598628e+00
1.557344772926134491e+00 -1.036647222802897339e+00
1.601064461318317811e+00 -1.009026117500209541e+00
1.646011502308550645e+00 -9.816420232538634050e-01
1.692220351641037235e+00 -9.544885976314585463e-01
1.739726432343801532e+00 -9.275620377167316244e-01
1.788566161883461625e+00 -9.008576209591414585e-01
1.838776980082327484e+00 -8.743693369408419569e-01
1.890397377819221125e+00 -8.480938018384267529e-01
1.943466926536020933e+00 -8.220254759154416169e-01
1.998026308572550480e+00 -7.961589238336564955e-01
2.054117348353064809e+00 -7.704914103340251286e-01
2.111783044448243718e+00 -7.450168268844418185e-01
2.171067602537265273e+00 -7.197308260186636719e-01
2.232016469295234007e+00 -6.946307794185204720e-01
2.294676367231936354e+00 -6.697109971660288874e-01
2.359095330508635513e+00 -6.449683373321936086e-01
2.425322741760353118e+00 -6.203999579225371042e-01
2.493409369951879562e+00 -5.960012838334328711e-01
2.563407409296515116e+00 -5.717703116645737049e-01
2.635370519267394407e+00 -5.477041658032352212e-01
2.709353865732051503e+00 -5.237994498852451830e-01
2.785414163241767493e+00 -5.000553489975899657e-01
2.863609718508115964e+00 -4.764690128209027042e-01
2.944000475100034819e+00 -4.530382394210882846e-01
3.026648059395691703e+00 -4.297633415483587127e-01
3.111615827824361080e+00 -4.066414583138511230e-01
3.198968915434536875e+00 -3.836718251961089288e-01
3.288774285825510901e+00 -3.608547856928781550e-01
3.381100782480684686e+00 -3.381883268290968858e-01
3.476019181541978309e+00 -3.156726579546342282e-01
3.573602246065787469e+00 -2.933078612212572933e-01
3.673924781802075046e+00 -2.710927147182783381e-01
3.777063694539367411e+00 -2.490281128135059252e-01
3.883098049059606094e+00 -2.271137227574289985e-01
3.992109129748052432e+00 -2.053488631306437662e-01
4.104180502904709371e+00 -1.837348981144731608e-01
4.219398080805025764e+00 -1.622708716344231639e-01
4.337850187558989212e+00 -1.409565124699766192e-01
4.459627626819092860e+00 -1.197932561841111160e-01
4.584823751389095925e+00 -9.877953447295631517e-02
4.713534534786909092e+00 -7.791553098410139433e-02
4.845858644816495975e+00 -5.720179210722779045e-02
4.981897519205162439e+00 -3.663684203760905062e-02
5.121755443364241600e+00 -1.622091094669227823e-02
5.265539630332757071e+00 4.046384921206766343e-03
5.413360302965379844e+00 2.416650142837139040e-02
5.565330778427647118e+00 4.413922792391677952e-02
5.721567555063249877e+00 6.396584586383621818e-02
5.882190401699957327e+00 8.364781690229858291e-02
6.047322449462647853e+00 1.031849196623381981e-01
6.217090286163828416e+00 1.225793057161283645e-01
6.391624053344004075e+00 1.418322278319625873e-01
6.571057546036271901e+00 1.609438305524598101e-01
6.755528315331642553e+00 1.799166378547198408e-01
6.945177773823695944e+00 1.987516171257218689e-01
7.140151304013399702e+00 2.174496462133849173e-01
7.340598369757211472e+00 2.360130742864827436e-01
7.546672630843890950e+00 2.544426893397999656e-01
7.758532060787835860e+00 2.727399844282067387e-01
7.976339067929276716e+00 2.909070762453505599e-01
8.200260619934130801e+00 3.089445236036502673e-01
8.430468371788970572e+00 3.268543472319174747e-01
8.667138797389231542e+00 3.446383859033083641e-01
8.910453324821515864e+00 3.622969340314157183e-01
9.160598475443707756e+00 3.798324984662242998e-01
9.417766006869522144e+00 3.972464055003679384e-01
9.682153059967083308e+00 4.145392411940398425e-01
9.953962309984236256e+00 4.317133984595410978e-01
1.023340212191641818e+01 4.487698256925390372e-01
1.052068671023622848e+01 4.657095642015795511e-01
1.081603630310709896e+01 4.825346957288974004e-01
1.111967731120699021e+01 4.992458787909411777e-01
1.143184250129149682e+01 5.158445750324381907e-01
1.175277117462945142e+01 5.323325686976428939e-01
1.208270935044776628e+01 5.487102344307973611e-01
1.242190995452617486e+01 5.649794479938219371e-01
1.277063301308644050e+01 5.811416806681213298e-01
1.312914585212465290e+01 5.971970691870299719e-01
1.349772330233942519e+01 6.131478682692508286e-01
1.387664790981308549e+01 6.289950224723420691e-01
1.426621015260737657e+01 6.447390806169056576e-01
1.466670866343968527e+01 6.603820125820860643e-01
1.507845045861051858e+01 6.759244743979959669e-01
1.550175117335770381e+01 6.913674040769718365e-01
1.593693530381775325e+01 7.067124799871405960e-01
1.638433645577983810e+01 7.219600908009240481e-01
1.684429760042315039e+01 7.371115322351066146e-01
1.731717133723353896e+01 7.521682036316863496e-01
1.780332016430113740e+01 7.671302143924138006e-01
1.830311675620611922e+01 7.819992300382886397e-01
1.881694424970555701e+01 7.967762769076041085e-01
1.934519653744045087e+01 8.114614186073813018e-01
1.988827856988809728e+01 8.260564699869858973e-01
2.044660666579116537e+01 8.405620256491390663e-01
2.102060883130158331e+01 8.549785103878908554e-01
2.161072508808377535e+01 8.693074733900749695e-01
2.221740781062884551e+01 8.835492369502061516e-01
2.284112207303824604e+01 8.977045797019838069e-01
2.348234600554276241e+01 9.117747759662560014e-01
2.414157116103018907e+01 9.257599040175035210e-01
2.481930289186255223e+01 9.396610778232352690e-01
2.551606073727185020e+01 9.534793088967913333e-01
2.623237882163123658e+01 9.672144365011418055e-01
2.696880626390692726e+01 9.808679183141565394e-01
2.772590759860482379e+01 9.944403713985497939e-01
2.850426320853434703e+01 1.007931766430297138e+00
2.930446976972142892e+01 1.021343545589414648e+00
3.012714070881164119e+01 1.034675990310355287e+00
3.097290667331408542e+01 1.047929420496967579e+00
3.184241601504653119e+01 1.061105040079618256e+00
3.273633528715245689e+01 1.074202887901966275e+00
3.365534975507094373e+01 1.087223633268930900e+00
3.460016392185110590e+01 1.100168222067032353e+00
3.557150206821386007e+01 1.113036487027340815e+00
3.657010880777491479e+01 1.125829425518936278e+00
3.759674965785467293e+01 1.138547736697343549e+00
3.865221162631263496e+01 1.151191063751910937e+00
3.973730381485608376e+01 1.163760729700966445e+00
4.085285803928563553e+01 1.176257027276684353e+00
4.199972946715305966e+01 1.188679892060708676e+00
4.317879727332023521e+01 1.201030491267209843e+00
4.439096531392171130e+01 1.213308873000243926e+00
4.563716281924758533e+01 1.225515323632430098e+00
4.691834510607796460e+01 1.237650786973287786e+00
4.823549431001467269e+01 1.249715110280684494e+00
4.958962013837214045e+01 1.261708925831210859e+00
5.098176064420424325e+01 1.273632943210244228e+00
5.241298302206058679e+01 1.285486838823086231e+00
5.388438442608223511e+01 1.297271571168838733e+00
5.539709281106403438e+01 1.308987593991137954e+00
5.695226779712825049e+01 1.320634526145741949e+00
5.855110155867240707e+01 1.332213547436936318e+00
6.019481973827274146e+01 1.343724759802219726e+00
6.188468238624385975e+01 1.355168134431148141e+00
6.362198492657488913e+01 1.366544660353709917e+00
6.540805914998256299e+01 1.377854241672237023e+00
6.724427423484249289e+01 1.389097210532775017e+00
6.913203779678131866e+01 1.400274339904063137e+00
7.107279696773419175e+01 1.411385375671824205e+00
7.306803950529503311e+01 1.422430988409041364e+00
7.511929493320964468e+01 1.433411740751976637e+00
7.722813571388641662e+01 1.444327243330987276e+00
7.939617845382279882e+01 1.455178486371195845e+00
8.162508514287227968e+01 1.465965757584326568e+00
8.391656442830156948e+01 1.476688770697617281e+00
8.627237292461450124e+01 1.487348596929556122e+00
8.869431656014708665e+01 1.497945251295858426e+00
9.118425196146571921e+01 1.508478809186683645e+00
9.374408787662996190e+01 1.518950162000546555e+00
9.637578663841088655e+01 1.529359153983240960e+00
9.908136566858671301e+01 1.539706230192267711e+00
1.018628990244687600e+02 1.549992067895346048e+00
1.047225189888434329e+02 1.560216394985275867e+00
1.076624177045493269e+02 1.570379979634741741e+00
1.106848488549411940e+02 1.580483312830865295e+00
1.137921293915315033e+02 1.590526017738139730e+00
1.169866413101306932e+02 1.600509168549591799e+00
1.202708334768511946e+02 1.610432967724841014e+00
1.236472235053714996e+02 1.620297280997422096e+00
1.271183996869028903e+02 1.630103134380511243e+00
1.306870229743346385e+02 1.639850528335064173e+00
1.343558290220826166e+02 1.649539694300011128e+00
1.381276302832009435e+02 1.659171481434581041e+00
1.420053181653683225e+02 1.668745747864992302e+00
1.459918652473978682e+02 1.678263089059834234e+00
1.500903275579736658e+02 1.687724149596868894e+00
1.543038469183564700e+02 1.697128698974419425e+00
1.586356533508589735e+02 1.706477637337603603e+00
1.630890675549332514e+02 1.715771441131068942e+00
1.676675034527699211e+02 1.725009810006238986e+00
1.723744708063619839e+02 1.734193916651643352e+00
1.772135779080358589e+02 1.743323942931873205e+00
1.821885343465167182e+02 1.752399938098046617e+00
1.873031538506436675e+02 1.761422923613247926e+00
1.925613572129198587e+02 1.770392931012787718e+00
1.979671752951332735e+02 1.779310373229554543e+00
2.035247521183577817e+02 1.788176091471617601e+00
2.092383480396976836e+02 1.796990001964638539e+00
2.151123430182167340e+02 1.805752856006828555e+00
2.211512399725488649e+02 1.814465312026377841e+00
2.273596682327717531e+02 1.823127202874698982e+00
2.337423870891815056e+02 1.831739574371998414e+00
2.403042894406969481e+02 1.840302887411082278e+00
2.470504055456825370e+02 1.848817027904344101e+00
2.539859068780726545e+02 1.857283184119149944e+00
2.611161100917459521e+02 1.865701570641465024e+00
2.684464810961962371e+02 1.874072421292857893e+00
2.759826392466180209e+02 1.882396769902098255e+00
2.837303616516211378e+02 1.890674687060466264e+00
2.916955876018795948e+02 1.898906762815629978e+00
2.998844231231027493e+02 1.907093843053289328e+00
3.083031456568277235e+02 1.915235898506663093e+00
3.169582088726115217e+02 1.923333829111399051e+00
3.258562476153226157e+02 1.931388312071193880e+00
3.350040829913132825e+02 1.939399229986374706e+00
3.444087275973823239e+02 1.947367766949564150e+00
3.540773908965269925e+02 1.955294361024397798e+00
3.640174847446141371e+02 1.963179060351678107e+00
3.742366290721980704e+02 1.971023067733812306e+00
3.847426577258505631e+02 1.978826605997225485e+00
3.955436244734701745e+02 1.986590068036048207e+00
4.066478091781858097e+02 1.994314489197437590e+00
4.180637241455758044e+02 2.001999950531576200e+00
4.298001206490798722e+02 2.009647185467389630e+00
4.418659956385941427e+02 2.017257032021630092e+00
4.542705986374043050e+02 2.024829472394024776e+00
4.670234388327335182e+02 2.032365531387554380e+00
4.801342923653450043e+02 2.039865872828836579e+00
4.936132098237916921e+02 2.047330382802291737e+00
5.074705239490465942e+02 2.054760363088657282e+00
5.217168575554348990e+02 2.062156178067966472e+00
5.363631316739240447e+02 2.069517997652234875e+00
5.514205739240302364e+02 2.076847010929591786e+00
5.669007271207433405e+02 2.084143395971055135e+00
5.828154581230845679e+02 2.091407658140355785e+00
5.991769669310618838e+02 2.098640802354161838e+00
6.159977960380168724e+02 2.105842862847564945e+00
6.332908400455114588e+02 2.113014666679092546e+00
6.510693555481461772e+02 2.120157008799225196e+00
6.693469712958660693e+02 2.127269817385178285e+00
6.881376986415669990e+02 2.134354208818785015e+00
7.074559422819878591e+02 2.141410747059021791e+00
7.273165113001454074e+02 2.148439345253143617e+00
7.477346305177587737e+02 2.155441307033780785e+00
7.687259521663728492e+02 2.162416887250397490e+00
7.903065678861347578e+02 2.169366319474457683e+00
8.124930210614047610e+02 2.176290744969954893e+00
8.353023195026778467e+02 2.183190229683356076e+00
8.587519484845170155e+02 2.190065339907810937e+00
8.828598841495149827e+02 2.196917008945415528e+00
9.076446072885356671e+02 2.203745158214204913e+00
9.331251175078249389e+02 2.210550665895221645e+00
9.593209477938240752e+02 2.217334232732236732e+00
9.862521794868783900e+02 2.224095671511510552e+00
1.013939457675291692e+03 2.230836154416322881e+00
1.042404007021556936e+03 2.237556076907433855e+00
1.071667648032863326e+03 2.244255359262021798e+00
1.101752813788387357e+03 2.250935238040046915e+00
1.132682567136153693e+03 2.257595815939221318e+00
1.164480618372686649e+03 2.264237339854122677e+00
1.197171343418966899e+03 2.270860866894359287e+00
1.230779802506664510e+03 2.277466303346459497e+00
1.265331759388942828e+03 2.284054231283545455e+00
1.300853701090570667e+03 2.290625476624643220e+00
1.337372858212496340e+03 2.297179803138549747e+00
1.374917225806419083e+03 2.303718106296944512e+00
1.413515584835395657e+03 2.310240955574372368e+00
1.453197524236895333e+03 2.316748010048855555e+00
1.493993463605257830e+03 2.323240461551312919e+00
1.535934676510896907e+03 2.329718512331348634e+00
1.579053314474175750e+03 2.336182055164270466e+00
1.623382431612278197e+03 2.342632227419355839e+00
1.668956009978024895e+03 2.349068960789797433e+00
1.715808985610004811e+03 2.355492480771510966e+00
1.763977275314045301e+03 2.361903742700155462e+00
1.813497804196495281e+03 2.368302473230243343e+00
1.864408533970487042e+03 2.374689240313498928e+00
1.916748492056814939e+03 2.381064749347159726e+00
1.970557801501800441e+03 2.387428593063437798e+00
2.025877711735017101e+03 2.393781664175893109e+00
2.082750630190514130e+03 2.400124379482269976e+00
2.141220154815729529e+03 2.406456265601584654e+00
2.201331107493030231e+03 2.412778488056888548e+00
2.263129568399529489e+03 2.419091063165086819e+00
2.326662911331457963e+03 2.425393847995871432e+00
2.391979840020239862e+03 2.431687872516082205e+00
2.459130425468043995e+03 2.437972899414579064e+00
2.528166144331500618e+03 2.444249127763275187e+00
2.599139918382933047e+03 2.450517407604189124e+00
2.672106155079435212e+03 2.456777293425786990e+00
2.747120789270811656e+03 2.463029340440343162e+00
2.824241326078435577e+03 2.469274130786928367e+00
2.903526884977814007e+03 2.475511101624249033e+00
2.985038245118732448e+03 2.481741141931554928e+00
3.068837891917642082e+03 2.487964493745427053e+00
3.154990064958088624e+03 2.494180657941079460e+00
3.243560807235811353e+03 2.500390686049262623e+00
3.334618015786362776e+03 2.506594451327772699e+00
3.428231493733970638e+03 2.512791792275125502e+00
3.524473003801584127e+03 2.518983637977993517e+00
3.623416323323149754e+03 2.525169599633586781e+00
3.725137300800209687e+03 2.531349869046269685e+00
3.829713914046280934e+03 2.537525195515735632e+00
3.937226329963479202e+03 2.543694987546912145e+00
4.047756965997322368e+03 2.549859806461482137e+00
4.161390553316707155e+03 2.556020117965151162e+00
4.278214201767616942e+03 2.562175234184556505e+00
4.398317466650223651e+03 2.568326053682540966e+00
4.521792417370702424e+03 2.574472660052368855e+00
4.648733708020256927e+03 2.580614557816285348e+00
4.779238649935599824e+03 2.586752697702523474e+00
4.913407286296362145e+03 2.592886830097179462e+00
5.051342468816766086e+03 2.599016803640118223e+00
5.193149936590211837e+03 2.605143459810557616e+00
5.338938397147355317e+03 2.611266281600042038e+00
5.488819609789671631e+03 2.617385486126841521e+00
5.642908471262536295e+03 2.623501721198478354e+00
5.801323103833378809e+03 2.629614288704566150e+00
5.964184945842459456e+03 2.635723778852003374e+00
6.131618844795774748e+03 2.641830551200714083e+00
6.303753153071274937e+03 2.647933822965515382e+00
6.480719826311970792e+03 2.654034526464612576e+00
6.662654524581149417e+03 2.660132599026077127e+00
6.849696716357447258e+03 2.666227578975886026e+00
7.041989785449288320e+03 2.672320335666058977e+00
7.239681140910876820e+03 2.678410513591399589e+00
7.442922330043757938e+03 2.684497999935515633e+00
7.651869154570825231e+03 2.690583564873501032e+00
7.866681790071582327e+03 2.696666582621997321e+00
8.087524908770456932e+03 2.702747326219715251e+00
8.314567805772063366e+03 2.708826344980193923e+00
8.547984528840413986e+03 2.714902865936064558e+00
8.787954011821319000e+03 2.720977530338116068e+00
9.034660211810534747e+03 2.727050567212677468e+00
9.288292250172498825e+03 2.733121224543305861e+00
9.549044557518078364e+03 2.739190389566843464e+00
9.817117022752194316e+03 2.745257896540876708e+00
1.009271514630571801e+04 2.751323340882513069e+00
1.037605019766911755e+04 2.757387530470002179e+00
1.066733937734857136e+04 2.763450014034857016e+00
1.096680598336867479e+04 2.769510740458969611e+00
1.127467958244947295e+04 2.775570422294678874e+00
1.159119618598885791e+04 2.781628339501247549e+00
1.191659843098558849e+04 2.787684842865066681e+00
1.225113576604117770e+04 2.793740390319119360e+00
1.259506464258358938e+04 2.799794153216335957e+00
1.294864871145904908e+04 2.805846842125589546e+00
1.331215902504307633e+04 2.811898554733829769e+00
1.368587424502517752e+04 2.817948609976847596e+00
1.407008085602686515e+04 2.823997844075154529e+00
1.446507338521647216e+04 2.830046002157858620e+00
1.487115462808953816e+04 2.836092753447887471e+00
1.528863588058729511e+04 2.842138857991509227e+00
1.571783717773161152e+04 2.848183776156893554e+00
1.615908753895919108e+04 2.854227537759678857e+00
1.661272522034293070e+04 2.860270797131315046e+00
1.707909797389426967e+04 2.866312759830181633e+00
1.755856331414467058e+04 2.872353865943617635e+00
1.805148879221110110e+04 2.878394486679720643e+00
1.855825227755518790e+04 2.884433750610563063e+00
1.907924224765265171e+04 2.890472449955297840e+00
1.961485808579429431e+04 2.896510555215970228e+00
2.016551038724748651e+04 2.902547467991583030e+00
2.073162127401231191e+04 2.908583984701774927e+00
2.131362471841437582e+04 2.914619765025185050e+00
2.191196687578147248e+04 2.920654562646386676e+00
2.252710642645982807e+04 2.926689099823398532e+00
2.315951492743154449e+04 2.932722751886649881e+00
2.380967717380358226e+04 2.938755650465115110e+00
2.447809157044440144e+04 2.944788367080833247e+00
2.516527051405388920e+04 2.950820069495745823e+00
2.587174078595923856e+04 2.956851286554775360e+00
2.659804395593758454e+04 2.962882290390306927e+00
2.734473679737579732e+04 2.968912219897260396e+00
2.811239171408461334e+04 2.974941911924724014e+00
2.890159717909511528e+04 2.980971227039703297e+00
2.971295818577334285e+04 2.986999656932631808e+00
3.054709671159967911e+04 2.993027965341190200e+00
3.140465219496748978e+04 2.999055728464586235e+00
3.228628202536733443e+04 3.005082791196016956e+00
3.319266204733189807e+04 3.011109844241208755e+00
3.412448707852889493e+04 3.017136179694121179e+00
3.508247144239788759e+04 3.023162039021261016e+00
3.606734951574031584e+04 3.029187910640368742e+00
3.707987629168172134e+04 3.035212931946787762e+00
3.812082795843888016e+04 3.041237725333572950e+00
3.919100249433401768e+04 3.047262438956968023e+00
4.029122027951351629e+04 3.053286305661725653e+00
4.142232472483898164e+04 3.059310133352513450e+00
4.258518291843414772e+04 3.065333699886072516e+00
4.378068629038166546e+04 3.071356591732249619e+00
4.500975129608041607e+04 3.077379544384551746e+00
4.627332011878693447e+04 3.083402051464204430e+00
4.757236139187889785e+04 3.089424053527766834e+00
4.890787094139590045e+04 3.095446213047904127e+00
5.028087254942474829e+04 3.101467740270230866e+00
5.169241873891603609e+04 3.107488991025896929e+00
5.314359158053241117e+04 3.113510371312221636e+00
5.463550352214875602e+04 3.119530991636879858e+00
5.616929824163804005e+04 3.125551571282808361e+00
5.774615152359825879e+04 3.131572134960090015e+00
5.936727216069126007e+04 3.137592012657269613e+00
6.103390288028620853e+04 3.143611986312592865e+00
6.274732129711574817e+04 3.149631751617088415e+00
6.450884089267699164e+04 3.155650992648425746e+00
6.631981202212675998e+04 3.161670419466108939e+00
6.818162294944479072e+04 3.167689443505182112e+00
7.009570091165618214e+04 3.173708113254113616e+00
7.206351321293045476e+04 3.179727036509724769e+00
7.408656834939567489e+04 3.185745370950804567e+00
7.616641716552892467e+04 3.191763580145165591e+00
7.830465404301183298e+04 3.197781987915835344e+00
8.050291812295973068e+04 3.203799680071831801e+00
8.276289456246352347e+04 3.209817474848853713e+00
8.508631582640581473e+04 3.215835273730916821e+00
8.747496301554415550e+04 3.221852505750957718e+00
8.993066723187614116e+04 3.227869928846091252e+00
9.245531098233579542e+04 3.233887156628531212e+00
9.505082962189511454e+04 3.239903972644047059e+00
9.771921283717996266e+04 3.245921063250076788e+00
1.004625061717340286e+05 3.251937757790289485e+00
1.032828125941029575e+05 3.257954224029243395e+00
1.061822941099384625e+05 3.263970987762718323e+00
1.091631734193614684e+05 3.269987183113821416e+00
1.122277356208507117e+05 3.276003373723426648e+00
1.153783299629659596e+05 3.282019763924011180e+00
1.186173716452479130e+05 3.288035528399594121e+00
1.219473436696738354e+05 3.294051473498126104e+00
1.253707987440919678e+05 3.300067414845988534e+00
1.288903612390891503e+05 3.306082881857669520e+00
1.325087291997953726e+05 3.312098609573121077e+00
1.362286764141646854e+05 3.318114129552574898e+00
1.400530545393219800e+05 3.324129325918360411e+00
1.439847952876006602e+05 3.330144862445516107e+00
1.480269126739510102e+05 3.336159986421824097e+00
1.521825053264386952e+05 3.342174986329754294e+00
1.564547588616095891e+05 3.348190305842873471e+00
1.608469483265355229e+05 3.354205056704950394e+00
1.653624407094182097e+05 3.360219903505193173e+00
1.700046975206718198e+05 3.366234927364363472e+00
1.747772774464680697e+05 3.372249404010879914e+00
1.796838390767719247e+05 3.378264117520009435e+00
1.847281437099635950e+05 3.384278801436816142e+00
1.899140582361935521e+05 3.390293086224491770e+00
1.952455581016860961e+05 3.396307684906047175e+00
2.007267303562568268e+05 3.402322046922348964e+00
2.063617767863856570e+05 3.408336157840576419e+00
2.121550171362452384e+05 3.414350659069154137e+00
2.181108924191519909e+05 3.420364716264159721e+00
2.242339683219845174e+05 3.426378739339227764e+00
2.305289387051706144e+05 3.432393089919367313e+00
2.370006292009330355e+05 3.438406857916241677e+00
2.436540009125466167e+05 3.444420809604954670e+00
2.504941542174502392e+05 3.450434902857411057e+00
2.575263326771198772e+05 3.456448515018202272e+00
2.647559270567069179e+05 3.462462408529568769e+00
2.721884794575179694e+05 3.468476234746310727e+00
2.798296875655115582e+05 3.474489725854570832e+00
2.876854090190591523e+05 3.480503573263364014e+00
2.957616658993256860e+05 3.486517144193115314e+00
3.040646493467068649e+05 3.492530544789695934e+00
3.126007243068703683e+05 3.498544338719722369e+00
3.213764344100275775e+05 3.504557665771754316e+00
3.303985069871855085e+05 3.510571039262796678e+00
3.396738582272209460e+05 3.516584720061267433e+00
3.492095984787271591e+05 3.522597832697660358e+00
3.590130377007068601e+05 3.528611189467370846e+00
3.690916910662774462e+05 3.534624643655456477e+00
3.794532847236942034e+05 3.540637674732024287e+00
3.901057617190993042e+05 3.546651023785110102e+00
4.010572880855496041e+05 3.552664260083886028e+00
4.123162591029748437e+05 3.558677217730449538e+00
4.238913057338782819e+05 3.564690567053988790e+00
4.357913012397029670e+05 3.570703592978844654e+00
4.480253679829489556e+05 3.576716524058823232e+00
4.606028844202398323e+05 3.582729841770214918e+00
4.735334922917120857e+05 3.588742664744707156e+00
4.868271040122283739e+05 3.594755608477471664e+00
5.004939102700953372e+05 3.600768810599778824e+00
5.145443878390924656e+05 3.606781497806142323e+00
5.289893076098145684e+05 3.612794461408102453e+00
5.438397428464801051e+05 3.618807472603975395e+00
5.591070776755292900e+05 3.624820113037715785e+00
5.748030158125350717e+05 3.630833102880850038e+00
5.909395895340964198e+05 3.636845929186239168e+00
6.075291689016077435e+05 3.642858528495473980e+00
6.245844712439618306e+05 3.648871550016508092e+00
6.421185709064757684e+05 3.654884196431324561e+00
6.601449092734883307e+05 3.660896818931933527e+00
6.786773050723301712e+05 3.666909817310748387e+00
6.977299649665538454e+05 3.672922288435310989e+00
7.173174944465612061e+05 3.678934950510559521e+00
7.374549090259546647e+05 3.684947817837059603e+00
7.581576457522117998e+05 3.690960219702873246e+00
7.794415750404951395e+05 3.696972926290699846e+00
8.013230128396886867e+05 3.702985626507241168e+00
8.238187331399600953e+05 3.708998004948881100e+00
8.469459808314593975e+05 3.715010760504253717e+00
8.707224849239921896e+05 3.721023298276412206e+00
8.951664721378301037e+05 3.727035666255564372e+00
9.202966808760409476e+05 3.733048465540270477e+00
9.461323755890759639e+05 3.739060844017106255e+00
9.726933615426179022e+05 3.745073266842543713e+00
1.000000000000000000e+06 3.751086051133524890e+00
