1.000000000000000000e+00 -4.940785047900344118e+00
1.023326701264995586e+00 -4.910055857418125669e+00
1.047197537521897592e+00 -4.879485942536769372e+00
1.071625201645109993e+00 -4.849076077451969446e+00
1.096622682591926079e+00 -4.818826997821060054e+00
1.122203272309166167e+00 -4.788739386320001401e+00
1.148380572800922428e+00 -4.758813890293552618e+00
1.175168503361174288e+00 -4.729051114881990259e+00
1.202581307975112423e+00 -4.699451639227025801e+00
1.230633562893115540e+00 -4.670016649347604520e+00
1.259340184381400496e+00 -4.640745828181238153e+00
1.288716436653469799e+00 -4.611639552043429902e+00
1.318777939986574887e+00 -4.582698152972315420e+00
1.349540679027508183e+00 -4.553921910093736258e+00
1.381021011292142164e+00 -4.525311064301181574e+00
1.413235675863236063e+00 -4.496865812578028532e+00
1.446201802291132044e+00 -4.468586367191001330e+00
1.479936919702075526e+00 -4.440473390949893684e+00
1.514458966119003547e+00 -4.412526232066896981e+00
1.549786297999755647e+00 -4.384744863306306861e+00
1.585937699997779449e+00 -4.357129211996338292e+00
1.622932394950521884e+00 -4.329679157332905426e+00
1.660790054100816704e+00 -4.302394541141179474e+00
1.699530807556702383e+00 -4.275275164471914024e+00
1.739175254995234177e+00 -4.248320884650377494e+00
1.779744476615980675e+00 -4.221531867001867333e+00
1.821260044350027751e+00 -4.194907148516589857e+00
1.863744033330453576e+00 -4.168446326486296982e+00
1.907219033630370930e+00 -4.142148955395401622e+00
1.951708162274780278e+00 -4.116014550082240930e+00
1.997235075532617810e+00 -4.090042591902153468e+00
2.043823981495537900e+00 -4.064232528155219626e+00
2.091499652950118193e+00 -4.038583901595272252e+00
2.140287440550328046e+00 -4.013096434965530257e+00
2.190213286297267192e+00 -3.987768902495294032e+00
2.241303737333347978e+00 -3.962600578569917875e+00
2.293585960058241113e+00 -3.937590700838752511e+00
2.347087754574107787e+00 -3.912738476219954187e+00
2.401837569467787592e+00 -3.888043084718414644e+00
2.457864516937805721e+00 -3.863503680649386762e+00
2.515198388274246799e+00 -3.839119549423731570e+00
2.573869669699718532e+00 -3.814890042817020710e+00
2.633909558579837107e+00 -3.790813733389322149e+00
2.695349980011845226e+00 -3.766889637595634888e+00
2.758223603800193491e+00 -3.743116742488414417e+00
2.822563861828100151e+00 -3.719494013231540830e+00
2.888404965834336924e+00 -3.696020395263920566e+00
2.955781925604684002e+00 -3.672694817159313008e+00
3.024730567587738062e+00 -3.649516369539578253e+00
3.095287553944958248e+00 -3.626484109726802352e+00
3.167490402045090914e+00 -3.603596471663597978e+00
3.241377504413337718e+00 -3.580852280985832081e+00
3.316988149145864817e+00 -3.558250341050935628e+00
3.394362540800521355e+00 -3.535789442240924174e+00
3.473541821774866811e+00 -3.513468361746221014e+00
3.554568094182876781e+00 -3.491285868800940051e+00
3.637484442241965876e+00 -3.469240920847931786e+00
3.722334955182213356e+00 -3.447332356008560694e+00
3.809164750689999934e+00 -3.425558530088546050e+00
3.898019998898497374e+00 -3.403918143050174372e+00
3.988947946937781097e+00 -3.382409879432211497e+00
4.081996944057615373e+00 -3.361032419778931413e+00
4.177216467336273276e+00 -3.339784437426782215e+00
4.274657147989046280e+00 -3.318664606855066701e+00
4.374370798290465601e+00 -3.297671812807999370e+00
4.476410439124507867e+00 -3.276804747836862930e+00
4.580830328177473376e+00 -3.256061748398334288e+00
4.687685988788500957e+00 -3.235441452855149169e+00
4.797034239473075168e+00 -3.214942490881899761e+00
4.908933224135219042e+00 -3.194563497085672221e+00
5.023442442984433320e+00 -3.174303105418395443e+00
5.140622784173831228e+00 -3.154159958711969303e+00
5.260536556176284684e+00 -3.134132929622760244e+00
5.383247520915797502e+00 -3.114220637260687763e+00
5.508820927671727929e+00 -3.094421456591664121e+00
5.637323547773882559e+00 -3.074734026823855437e+00
5.768823710106929070e+00 -3.055156985076899367e+00
5.903391337443017584e+00 -3.035688981319530910e+00
6.041097983621914302e+00 -3.016328672642472952e+00
6.182016871598429830e+00 -2.997074729015288597e+00
6.326222932377369546e+00 -2.977926068284013184e+00
6.473792844856699702e+00 -2.958881301861691515e+00
6.624805076600138065e+00 -2.939938896312912497e+00
6.779339925560816660e+00 -2.921097547036266562e+00
6.937479562778231745e+00 -2.902355952420979435e+00
7.099308076071172202e+00 -2.883712831126095999e+00
7.264911514749855748e+00 -2.865166914565509426e+00
7.434377935371050405e+00 -2.846716949476262304e+00
7.607797448560526199e+00 -2.828361944544749651e+00
7.785262266927693631e+00 -2.810100556130080030e+00
7.966866754097958747e+00 -2.791931380896127024e+00
8.152707474888828187e+00 -2.773853212457914275e+00
8.342883246656457530e+00 -2.755864849624430679e+00
8.537495191839946429e+00 -2.737965117211389909e+00
8.736646791731333295e+00 -2.720152856084245396e+00
8.940443941499832903e+00 -2.702426922959165534e+00
9.148995006499641036e+00 -2.684786446862684084e+00
9.362410879891195137e+00 -2.667230163696945766e+00
9.580805041606561545e+00 -2.649756822515406007e+00
9.804293618690282486e+00 -2.632365339516456793e+00
1.003299544704777091e+01 -2.615054637478013255e+00
1.026703213463411934e+01 -2.597823667527574987e+00
1.050652812611683729e+01 -2.580671399162980162e+00
1.075161076904703705e+01 -2.563596816562549563e+00
1.100241038157411033e+01 -2.546599183820505985e+00
1.125906032173997318e+01 -2.529677334468595884e+00
1.152169705838977087e+01 -2.512830180732952279e+00
1.179046024373660551e+01 -2.496056770394865509e+00
1.206549278761905875e+01 -2.479356160714884627e+00
1.234694093349080646e+01 -2.462727437857875401e+00
1.263495433618288999e+01 -2.446169707147431982e+00
1.292968614147989292e+01 -2.429682086679863851e+00
1.323129306755234502e+01 -2.413263980297008171e+00
1.353993548828874971e+01 -2.396914327110677423e+00
1.385577751857137230e+01 -2.380632202131288011e+00
1.417898710154133290e+01 -2.364416787635665873e+00
1.450973609789921071e+01 -2.348267275858786363e+00
1.484820037728882447e+01 -2.332182890102109329e+00
1.519455991181264132e+01 -2.316162870012555608e+00
1.554899887172856943e+01 -2.300206467235249796e+00
1.591170572337914102e+01 -2.284313223473646737e+00
1.628287332940492504e+01 -2.268482183907531979e+00
1.666269905129571427e+01 -2.252712580006057230e+00
1.705138485433381845e+01 -2.237003725518725172e+00
1.744913741498533000e+01 -2.221354943348672784e+00
1.785616823079655902e+01 -2.205765588354034801e+00
1.827269373285384901e+01 -2.190235028993315236e+00
1.869893540086689399e+01 -2.174762644548226653e+00
1.913511988093636518e+01 -2.159348107918437343e+00
1.958147910606884068e+01 -2.143990565283494742e+00
2.003825041950286945e+01 -2.128689394541545710e+00
2.050567670091178130e+01 -2.113444032470452427e+00
2.098400649555053832e+01 -2.098253925006592802e+00
2.147349414641496779e+01 -2.083118548627472588e+00
2.197439992948402931e+01 -2.068037391546068360e+00
2.248699019211663597e+01 -2.053009950645605208e+00
2.301153749467702525e+01 -2.038036021696475242e+00
2.354832075546360670e+01 -2.023114841480370796e+00
2.409762539901859668e+01 -2.008245922402172479e+00
2.465974350789728220e+01 -1.993428813230424312e+00
2.523497397797741115e+01 -1.978663072468797024e+00
2.582362267739162576e+01 -1.963948286323138115e+00
2.642600260916711363e+01 -1.949284051392151218e+00
2.704243407765914498e+01 -1.934669977514867245e+00
2.767324485886704366e+01 -1.920105951983636317e+00
2.831877037472290581e+01 -1.905591310890907719e+00
2.897935387144608299e+01 -1.891125681156011540e+00
2.965534660205789308e+01 -1.876708711348228809e+00
3.034710801315399564e+01 -1.862340060397472907e+00
3.105500593603340320e+01 -1.848019411782718890e+00
3.177941678228591016e+01 -1.833746458187278217e+00
3.252072574394209425e+01 -1.819520919176383922e+00
3.327932699829187868e+01 -1.805342733637511632e+00
3.405562391748114237e+01 -1.791211352897526421e+00
3.485002928299726221e+01 -1.777126495357138847e+00
3.566296550515807695e+01 -1.763087896679349509e+00
3.649486484772075556e+01 -1.749095303674053747e+00
3.734616965772991648e+01 -1.735148484281955117e+00
3.821733260072763727e+01 -1.721247214742450238e+00
3.910881690144978506e+01 -1.707391310562107467e+00
4.002109659013732568e+01 -1.693580753038341324e+00
4.095465675459298183e+01 -1.679815093545107496e+00
4.190999379811780301e+01 -1.666094129463736362e+00
4.288761570346432705e+01 -1.652417670720015330e+00
4.388804230294696396e+01 -1.638785540073214753e+00
4.491180555485330927e+01 -1.625197576799124688e+00
4.595944982630293651e+01 -1.611653628558093354e+00
4.703153218270465175e+01 -1.598153593502593228e+00
4.812862268396564502e+01 -1.584697485844900333e+00
4.925130468761019387e+01 -1.571284942632761084e+00
5.040017515896936828e+01 -1.557915828098059619e+00
5.157584498860608591e+01 -1.544590014260419197e+00
5.277893931714503850e+01 -1.531307387811387644e+00
5.401009786767939858e+01 -1.518067847218014244e+00
5.526997528593192754e+01 -1.504871299780243366e+00
5.655924148835056542e+01 -1.491717713714350468e+00
5.787858201832405314e+01 -1.478607126677978112e+00
5.922869841070706087e+01 -1.465539247975280457e+00
6.061030856484813256e+01 -1.452513996705956822e+00
6.202414712631956917e+01 -1.439531296586435971e+00
6.347096587755135033e+01 -1.426591085865057229e+00
6.495153413757770977e+01 -1.413693310807444536e+00
6.646663917110817010e+01 -1.400837927302823527e+00
6.801708660714085397e+01 -1.388024961855912842e+00
6.960370086734097583e+01 -1.375254466325927405e+00
7.122732560441154703e+01 -1.362526209858105242e+00
7.288882415069021192e+01 -1.349840155530888763e+00
7.458907997721017580e+01 -1.337196267795370375e+00
7.632899716346940977e+01 -1.324594525919007726e+00
7.810950087815838572e+01 -1.312034913021714155e+00
7.993153787110108510e+01 -1.299517423158494500e+00
8.179607697667196931e+01 -1.287042130193353451e+00
8.370410962895536500e+01 -1.274609091290861418e+00
8.565665038892242933e+01 -1.262218124013833487e+00
8.765473748390500930e+01 -1.249869225201489797e+00
8.969943335965366771e+01 -1.237562389757617565e+00
9.179182524527371356e+01 -1.225297628200634259e+00
9.393302573133887279e+01 -1.213074950234309446e+00
9.612417336149098901e+01 -1.200894378332707291e+00
9.836643323783911796e+01 -1.188756023610036294e+00
1.006609976404813125e+02 -1.176659940028419671e+00
1.030090866614772835e+02 -1.164605983076241191e+00
1.054119488536096299e+02 -1.152594173760390861e+00
1.078708618942787041e+02 -1.140624527833135726e+00
1.103871332648841843e+02 -1.128697077994540887e+00
1.129621009460534253e+02 -1.116811850977631693e+00
1.155971341290882037e+02 -1.104968888549861639e+00
1.182936339440071123e+02 -1.093168329757235657e+00
1.210530342045697552e+02 -1.081410217264854534e+00
1.238768021706810742e+02 -1.069694434874605804e+00
1.267664393285794233e+02 -1.058021018743715347e+00
1.297234821892244270e+02 -1.046389996587395732e+00
1.327495031053074968e+02 -1.034801414120858354e+00
1.358461111073215193e+02 -1.023255308250238027e+00
1.390149527591334504e+02 -1.011751729601824579e+00
1.422577130335132551e+02 -1.000290837197462590e+00
1.455761162080875408e+02 -9.888726542396573116e-01
1.489719267821917867e+02 -9.774970853896605139e-01
1.524469504151108197e+02 -9.661641723267069271e-01
1.560030348862037499e+02 -9.548739466774492923e-01
1.596420710774268059e+02 -9.436264590518821382e-01
1.633659939787751796e+02 -9.324217492328145118e-01
1.671767837171771873e+02 -9.212598680107996207e-01
1.710764666093906214e+02 -9.101409867310664703e-01
1.750671162394587554e+02 -8.990651014085768722e-01
1.791508545613009176e+02 -8.880321302038504117e-01
1.833298530270211302e+02 -8.770421130647861885e-01
1.876063337415378669e+02 -8.660950762713662821e-01
1.919825706441478417e+02 -8.551910687153323476e-01
1.964608907176498462e+02 -8.443301256898657625e-01
2.010436752256754858e+02 -8.335122907448737628e-01
2.057333609788814499e+02 -8.227377403596189964e-01
2.105324416306793864e+02 -8.120064364814900681e-01
2.154434690031884543e+02 -8.013183035881854543e-01
2.204690544441200188e+02 -7.906733721558838468e-01
2.256118702153141271e+02 -7.800716568033365661e-01
2.308746509136637712e+02 -7.695131973742692644e-01
2.362601949251867950e+02 -7.589980181643730672e-01
2.417713659130163251e+02 -7.485261486925299801e-01
2.474110943400992824e+02 -7.380977640844077481e-01
2.531823790274164878e+02 -7.277127856198797318e-01
2.590882887485497577e+02 -7.173711382184284613e-01
2.651319638614461951e+02 -7.070728350639481352e-01
2.713166179782438121e+02 -6.968178737936943090e-01
2.776455396740510650e+02 -6.866062785111036737e-01
2.841220942355861894e+02 -6.764380566589232036e-01
2.907497254506047852e+02 -6.663132176203516721e-01
2.975319574390705952e+02 -6.562319294434312278e-01
3.044723965270409849e+02 -6.461940667639118896e-01
3.115747331642646145e+02 -6.361995496170732567e-01
3.188427438865082308e+02 -6.262483672054770523e-01
3.262802933236600893e+02 -6.163404947381575516e-01
3.338913362546763892e+02 -6.064759355409311548e-01
3.416799197104595009e+02 -5.966546747265741857e-01
3.496501851257932003e+02 -5.868766962186935388e-01
3.578063705414727451e+02 -5.771421561058820426e-01
3.661528128578061114e+02 -5.674508773263278183e-01
3.746939501406781119e+02 -5.578027696475101882e-01
3.834343239814105573e+02 -5.481977932918109531e-01
3.923785819116706080e+02 -5.386358960298207599e-01
4.015314798747068608e+02 -5.291170563842859664e-01
4.108978847542358608e+02 -5.196412323587794591e-01
4.204827769623162226e+02 -5.102083779976014366e-01
4.302912530875921107e+02 -5.008186335015448742e-01
4.403285286053070990e+02 -4.914717658274075918e-01
4.505999406505378602e+02 -4.821676700233144541e-01
4.611109508561178814e+02 -4.729062732537916980e-01
4.718671482567567068e+02 -4.636874918449548355e-01
4.828742522609076673e+02 -4.545112765180839287e-01
4.941381156919555906e+02 -4.453775542517485753e-01
5.056647279003498738e+02 -4.362862457888315171e-01
5.174602179483267719e+02 -4.272374728129066934e-01
5.295308578689265460e+02 -4.182309427211610142e-01
5.418830660010320344e+02 -4.092665325378853081e-01
5.545234104021981238e+02 -4.003441331965341132e-01
5.674586123410969094e+02 -3.914636272855767096e-01
5.806955498714262376e+02 -3.826249352056885766e-01
5.942412614891895828e+02 -3.738279502193931347e-01
6.081029498752822064e+02 -3.650725570503146611e-01
6.222879857253850560e+02 -3.563588589046740585e-01
6.368039116691971913e+02 -3.476864996332842961e-01
6.516584462810853893e+02 -3.390553366763751630e-01
6.668594881842949462e+02 -3.304652228411010251e-01
6.824151202508980987e+02 -3.219160058121218748e-01
6.983336138997070748e+02 -3.134075744716386946e-01
7.146234334944505235e+02 -3.049397868649657561e-01
7.312932408445404917e+02 -2.965125018905883647e-01
7.483518998108318101e+02 -2.881257709605120620e-01
7.658084810188112215e+02 -2.797792063541736929e-01
7.836722666817365734e+02 -2.714726342504992229e-01
8.019527555362836893e+02 -2.632058690200245188e-01
8.206596678933188969e+02 -2.549787229582956005e-01
8.398029508064970514e+02 -2.467910542148636366e-01
8.593927833614213796e+02 -2.386426852782818908e-01
8.794395820881866257e+02 -2.305334527408806344e-01
8.999540065001706353e+02 -2.224633485354582663e-01
9.209469647620353498e+02 -2.144319624890496379e-01
9.424296194899441161e+02 -2.064390874476902393e-01
9.644133936870698562e+02 -1.984845002254692070e-01
9.869099768175690315e+02 -1.905679792411155427e-01
1.009931331022235440e+03 -1.826893534425454713e-01
1.033489697479150891e+03 -1.748484111273526098e-01
1.057597602912697994e+03 -1.670449688640796293e-01
1.082267866254417186e+03 -1.592789608284460867e-01
1.107513605459238534e+03 -1.515499570553208997e-01
1.133348244480704807e+03 -1.438577192349911327e-01
1.159785520408913726e+03 -1.362019888121965561e-01
1.186839490774959131e+03 -1.285825137392740958e-01
1.214524541025766439e+03 -1.209990962361070371e-01
1.242855392173280734e+03 -1.134514934978484851e-01
1.271847108622094993e+03 -1.059395057494781078e-01
1.301515106179671420e+03 -9.846301247272606916e-02
1.331875160253403919e+03 -9.102156811836578654e-02
1.362943414238903642e+03 -8.361490638516709539e-02
1.394736388103946865e+03 -7.624273853964223802e-02
1.427270987172666992e+03 -6.890478478207961999e-02
1.460564511114639572e+03 -6.160082537860293861e-02
1.494634663143664056e+03 -5.433059073802364719e-02
1.529499559431124226e+03 -4.709386958776209248e-02
1.565177738738917014e+03 -3.989049103445493211e-02
1.601688172277101557e+03 -3.271999943434809183e-02
1.639050273791485097e+03 -2.558210496158520517e-02
1.677283909886528818e+03 -1.847649505040153267e-02
1.716409410589036270e+03 -1.140286646830014974e-02
1.756447580158272558e+03 -4.360982969940913404e-03
1.797419708148249583e+03 2.649446091339849926e-03
1.839347580728039929e+03 9.628637636312565792e-03
1.882253492266173907e+03 1.657680743468992884e-02
1.926160257185262253e+03 2.349441476293227804e-02
1.971091222093130682e+03 3.038176673829126595e-02
2.017070278196952813e+03 3.723919435437631625e-02
2.064121874006953476e+03 4.406701686858291445e-02
2.112271028336457221e+03 5.086548170699905363e-02
2.161543343605167138e+03 5.763489389640129301e-02
2.211965019452783054e+03 6.437546953600213617e-02
2.263562866670179119e+03 7.108746296348329718e-02
2.316364321455532263e+03 7.777133021127471957e-02
2.370397460003020569e+03 8.442738868684698805e-02
2.425691013431813644e+03 9.105598200371781137e-02
2.482274383063322603e+03 9.765743727557736620e-02
2.540177656054792806e+03 1.042320075114877564e-01
2.599431621397598065e+03 1.107800049864611641e-01
2.660067786288723710e+03 1.173016381796822827e-01
2.722118392884119658e+03 1.237971932058564428e-01
2.785616435442878355e+03 1.302671159005263923e-01
2.850595677871314365e+03 1.367117265355830558e-01
2.917090671676307011e+03 1.431313754353947254e-01
2.985136774337406678e+03 1.495263886942796161e-01
3.054770168107525933e+03 1.558970196540373221e-01
3.126027879252191269e+03 1.622435805302534506e-01
3.198947797737555902e+03 1.685662654086894363e-01
3.273568697377696481e+03 1.748653853890290433e-01
3.349930256451864352e+03 1.811413695384802292e-01
3.428073078802688087e+03 1.873945338001128669e-01
3.508038715426493582e+03 1.936252291855843910e-01
3.589869686567283679e+03 1.998337732503394637e-01
3.673609504326103433e+03 2.060204139335870266e-01
3.759302695797768138e+03 2.121854569319233663e-01
3.846994826747336447e+03 2.183290756886288320e-01
3.936732525838852325e+03 2.244516000656413546e-01
4.028563509429287933e+03 2.305534364920182600e-01
4.122536606940808269e+03 2.366348899647212345e-01
4.218701786824922237e+03 2.426963067002473884e-01
4.317110183132292150e+03 2.487379890336950949e-01
4.417814122702290661e+03 2.547601742231270783e-01
4.520867152986842484e+03 2.607631557413840340e-01
4.626324070523299270e+03 2.667470808290043349e-01
4.734240950071455700e+03 2.727122925805697817e-01
4.844675174430283732e+03 2.786591697383185573e-01
4.957685464950155620e+03 2.845880010555527084e-01
5.073331912756860220e+03 2.904991227880719395e-01
5.191676010703909924e+03 2.963928166089400684e-01
5.312780686070240336e+03 3.022693048586793663e-01
5.436710334020641312e+03 3.081288642206400641e-01
5.563530851846656333e+03 3.139716113340926262e-01
5.693309674006271962e+03 3.197978982667219472e-01
5.826115807980922000e+03 3.256080720867738365e-01
5.962019870968963005e+03 3.314024021979996570e-01
6.101094127435025257e+03 3.371812091799759603e-01
6.243412527535317167e+03 3.429447514558967569e-01
6.389050746439266732e+03 3.486932329264312846e-01
6.538086224568354737e+03 3.544269101082093143e-01
6.690598208773645638e+03 3.601458658052255069e-01
6.846667794473817594e+03 3.658504579307666482e-01
7.006377968776177113e+03 3.715409989620822029e-01
7.169813654603468422e+03 3.772177362296811332e-01
7.337061755850084410e+03 3.828809721627051688e-01
7.508211203591626145e+03 3.885309383399164762e-01
7.683353003372302737e+03 3.941678184800473383e-01
7.862580283595478249e+03 3.997918467166762246e-01
8.045988345042948822e+03 4.054030699665517878e-01
8.233674711549403582e+03 4.110018501175540240e-01
8.425739181858869415e+03 4.165884633950955873e-01
8.622283882690853716e+03 4.221631336018082381e-01
8.823413323044371282e+03 4.277261440789632552e-01
9.029234449768611739e+03 4.332776971961824208e-01
9.239856704429974343e+03 4.388179561088267344e-01
9.455392081505573515e+03 4.443471316568765039e-01
9.675955187934261630e+03 4.498652340835516128e-01
9.901663304056692141e+03 4.553726285747884961e-01
1.013263644597698476e+04 4.608695545642975122e-01
1.036899742937909832e+04 4.663562119303438225e-01
1.061087193483173542e+04 4.718328648617304277e-01
1.085838857461668522e+04 4.772996852354922104e-01
1.111167896111601294e+04 4.827568160037091216e-01
1.137087777679448300e+04 4.882044445995195603e-01
1.163612284581455060e+04 4.936425445854711880e-01
1.190755520732166042e+04 4.990714845496752594e-01
1.218531919043929884e+04 5.044914673624888435e-01
1.246956249101329922e+04 5.099026694498154377e-01
1.276043625014636382e+04 5.153053365039464984e-01
1.305809513456455352e+04 5.206996097379433808e-01
1.336269741885840995e+04 5.260856130798562402e-01
1.367440506964265114e+04 5.314635114177680419e-01
1.399338383167875145e+04 5.368332425850992351e-01
1.431980331600674617e+04 5.421951796173714033e-01
1.465383709013273437e+04 5.475494899678839955e-01
1.499566277032017751e+04 5.528963281206527025e-01
1.534546211603405754e+04 5.582359220869340666e-01
1.570342112658806400e+04 5.635683836184607332e-01
1.606973014004640936e+04 5.688938191555301671e-01
1.644458393443237219e+04 5.742123696954667400e-01
1.682818183129802856e+04 5.795239467142021539e-01
1.722072780170974875e+04 5.848289210714092690e-01
1.762243057470604253e+04 5.901274288808266988e-01
1.803350374828534041e+04 5.954196040489726505e-01
1.845416590298273877e+04 6.007056590316314226e-01
1.888464071809629240e+04 6.059856765764090047e-01
1.932515709062410315e+04 6.112597477413425073e-01
1.977594925697620783e+04 6.165279806288871400e-01
2.023725691752541024e+04 6.217902941249847659e-01
2.070932536406349755e+04 6.270470266877024024e-01
2.119240561023060945e+04 6.322982956429723522e-01
2.168675452498703817e+04 6.375442162568747406e-01
2.219263496919870886e+04 6.427849877769395981e-01
2.271031593540831091e+04 6.480206651942441720e-01
2.324007269086725501e+04 6.532513265949035919e-01
2.378218692390390788e+04 6.584770491945385329e-01
2.433694689370610649e+04 6.636977612997536635e-01
2.490464758359765619e+04 6.689137709361815398e-01
2.548559085789019082e+04 6.741251785995491241e-01
2.608008562239410821e+04 6.793320829623085144e-01
2.668844798867320787e+04 6.845346718514708773e-01
2.731100144213137173e+04 6.897329741359883304e-01
2.794807701401984014e+04 6.949270569278914733e-01
2.860001345745698200e+04 7.001169684265831084e-01
2.926715742755394604e+04 7.053026481752223686e-01
2.994986366574203930e+04 7.104843756536589616e-01
3.064849518840016026e+04 7.156622364104667788e-01
3.136342347988163601e+04 7.208363144051557203e-01
3.209502869004439344e+04 7.260067884506737901e-01
3.284369983638853591e+04 7.311736625685798519e-01
3.360983501090916252e+04 7.363369952824075915e-01
3.439384159177444235e+04 7.414968077877295283e-01
3.519613645994128456e+04 7.466530529299365559e-01
3.601714622082436836e+04 7.518059836634174431e-01
3.685730743113521021e+04 7.569556725856582124e-01
3.771706683101342060e+04 7.621021909924677873e-01
3.859688158157235739e+04 7.672457105263159605e-01
3.949721950798611942e+04 7.723862120644487961e-01
4.041855934824687574e+04 7.775237474198549714e-01
4.136139100772485835e+04 7.826583125475772285e-01
4.232621581966674421e+04 7.877898752504629565e-01
4.331354681176985468e+04 7.929186635986412712e-01
4.432390897897542891e+04 7.980447388763951544e-01
4.535783956262486026e+04 8.031681613649210849e-01
4.641588833612782037e+04 8.082890971881283582e-01
4.749861789729408338e+04 8.134075054466072263e-01
4.860660396748434869e+04 8.185234330833974781e-01
4.974043569773982745e+04 8.236368524372045252e-01
5.090071598205174087e+04 8.287477479885341225e-01
5.208806177793946699e+04 8.338563246442032284e-01
5.330310443450610910e+04 8.389626340635923940e-01
5.454649002814671258e+04 8.440667274885786941e-01
5.581887970608726027e+04 8.491687666070224516e-01
5.712095003793790238e+04 8.542686908228369624e-01
5.845339337544563750e+04 8.593665437271883478e-01
5.981691822063994914e+04 8.644622755658823987e-01
6.121224960256550548e+04 8.695558889623957732e-01
6.264012946280291362e+04 8.746475670417410697e-01
6.410131704998239002e+04 8.797373532207326541e-01
6.559658932349998213e+04 8.848252928100674986e-01
6.712674136665188416e+04 8.899115388734307741e-01
6.869258680940442719e+04 8.949960176422799840e-01
7.029495826102720457e+04 9.000787688042523049e-01
7.193470775281754322e+04 9.051597217478135615e-01
7.361270719115229440e+04 9.102388984451564857e-01
7.532984882110792387e+04 9.153164614980772162e-01
7.708704570089506160e+04 9.203924473131495088e-01
7.888523218736093258e+04 9.254669004205313687e-01
8.072536443281533138e+04 9.305399551236279709e-01
8.260842089344754640e+04 9.356115371360413935e-01
8.453540284960204735e+04 9.406816797873194247e-01
8.650733493819079013e+04 9.457502928922881802e-01
8.852526569752491196e+04 9.508174190077319787e-01
9.059026812485528353e+04 9.558832014132802035e-01
9.270344024691966479e+04 9.609476706004504987e-01
9.486590570379696146e+04 9.660108715589442729e-01
9.707881434638271458e+04 9.710729205444033063e-01
9.934334284780078451e+04 9.761337438115850196e-01
1.016606953290774982e+05 9.811933692115004657e-01
1.040321039994106541e+05 9.862516878735345660e-01
1.064588298113736819e+05 9.913087637414992326e-01
1.089421631314046244e+05 9.963647215674203972e-01
1.114834244259333645e+05 1.001419586812863916e+00
1.140839649635158567e+05 1.006473405797131182e+00
1.167451675333460589e+05 1.011526277429870557e+00
1.194684471805283247e+05 1.016578129540185671e+00
1.222552519585014525e+05 1.021628985456495720e+00
1.251070636990139610e+05 1.026678718487295194e+00
1.280253988000616810e+05 1.031727414974288104e+00
1.310118090322026837e+05 1.036775182086485447e+00
1.340678823636835732e+05 1.041822041176232450e+00
1.371952438048118202e+05 1.046868040858002447e+00
1.403955562720249582e+05 1.051913263404391063e+00
1.436705214721154189e+05 1.056957639127919180e+00
1.470218808070813247e+05 1.062001187459990836e+00
1.504514163000859553e+05 1.067043764668441641e+00
1.539609515430135943e+05 1.072085479987360035e+00
1.575523526661319775e+05 1.077126423668285593e+00
1.612275293303721410e+05 1.082166613434632163e+00
1.649884357427551004e+05 1.087206100835226286e+00
1.688370716955053213e+05 1.092244951851482737e+00
1.727754836294027045e+05 1.097283099844312382e+00
1.768057657219409884e+05 1.102320561029534129e+00
1.809300610008655640e+05 1.107357175066810751e+00
1.851505624836902425e+05 1.112393074908903490e+00
1.894695143437932420e+05 1.117428334411672886e+00
1.938892131037147774e+05 1.122462968388532767e+00
1.984120088562902529e+05 1.127497031991198995e+00
2.030403065142682462e+05 1.132530575608428070e+00
2.077765670890797919e+05 1.137563536332894421e+00
2.126233089994331240e+05 1.142595927789919141e+00
2.175831094104378426e+05 1.147627573682739710e+00
2.226586056039640389e+05 1.152658631120389243e+00
2.278524963809682522e+05 1.157689158070879687e+00
2.331675434965306777e+05 1.162719166874574439e+00
2.386065731283666973e+05 1.167748716742261994e+00
2.441724773795965011e+05 1.172777842710112983e+00
2.498682158165643341e+05 1.177806485980869455e+00
2.556968170425348508e+05 1.182834657789479049e+00
2.616613803080963844e+05 1.187862166246452800e+00
2.677650771591298399e+05 1.192889192920685293e+00
2.740111531232194393e+05 1.197915780310067735e+00
2.804029294354012818e+05 1.202941938682099643e+00
2.869438048041706206e+05 1.207967731761354413e+00
2.936372572186787729e+05 1.212993179593174542e+00
3.004868457980916719e+05 1.218018227982524682e+00
3.074962126840846613e+05 1.223042886359548831e+00
3.146690849774839589e+05 1.228066947839671297e+00
3.220092767200833187e+05 1.233090618728625465e+00
3.295206909226894495e+05 1.238113926707588908e+00
3.372073216404780978e+05 1.243136880297567304e+00
3.450732560967549216e+05 1.248159548123937812e+00
3.531226768562633661e+05 1.253181935318307794e+00
3.613598640491850674e+05 1.258203992951780537e+00
3.697891976470199879e+05 1.263225728624570499e+00
3.784151597915537423e+05 1.268246920457872129e+00
3.872423371781570604e+05 1.273267800069143307e+00
3.962754234946707147e+05 1.278288380081409770e+00
4.055192219171906472e+05 1.283308667633750400e+00
4.149786476640665787e+05 1.288328736298572696e+00
4.246587306094782543e+05 1.293348576862663135e+00
4.345646179579779273e+05 1.298368145441635813e+00
4.447015769814198138e+05 1.303387440404660813e+00
4.550749978197379969e+05 1.308406249386430575e+00
4.656903963470477029e+05 1.313424805373922366e+00
4.765534171046128613e+05 1.318443114474675548e+00
4.876698363022251287e+05 1.323461182686915816e+00
4.990455648895966006e+05 1.328479089178022710e+00
5.106866516993973637e+05 1.333496810472996730e+00
5.225992866636091494e+05 1.338514308213810899e+00
5.347898041049111634e+05 1.343531566145122813e+00
5.472646861048321007e+05 1.348548397769453677e+00
5.600305659504813375e+05 1.353565021503108978e+00
5.730942316616747994e+05 1.358581442462326150e+00
5.864626296003389871e+05 1.363597665596750330e+00
6.001428681641101139e+05 1.368613775687063105e+00
6.141422215660908259e+05 1.373629734941142377e+00
6.284681337027839618e+05 1.378645510416064202e+00
6.431282221122382907e+05 1.383661072076415977e+00
6.581302820245384937e+05 1.388676258698523958e+00
6.734822905067723477e+05 1.393691274740565422e+00
6.891924107046891004e+05 1.398706124378357840e+00
7.052689961832996923e+05 1.403720811727664719e+00
7.217205953687296715e+05 1.408735427387499906e+00
7.385559560936910566e+05 1.413749919771092101e+00
7.557840302489720052e+05 1.418764261850796737e+00
7.734139785434444202e+05 1.423778409384352406e+00
7.914551753750992939e+05 1.428792227193645514e+00
8.099172138157092268e+05 1.433805905957598714e+00
8.288099107117661042e+05 1.438819448838853043e+00
8.481433119044055929e+05 1.443832859424347026e+00
8.679276975711039267e+05 1.448846234290415591e+00
8.881735876919608563e+05 1.453859507840541632e+00
9.088917476435109274e+05 1.458872658724924332e+00
9.300931939230110729e+05 1.463885629092476881e+00
9.517892000062591396e+05 1.468898309473119168e+00
9.739913023420545505e+05 1.473910876389136870e+00
9.967113064864899497e+05 1.478923332900056620e+00
1.019961293380344170e+06 1.483935681534784390e+00
1.043753625772886327e+06 1.488948025016106014e+00
1.068100954795546830e+06 1.493960283806522460e+00
1.093016226688919356e+06 1.498972443419715805e+00
1.118512689686684869e+06 1.503984431045030323e+00
1.144603901060113218e+06 1.508996164353641367e+00
1.171303734326889040e+06 1.514007805903163639e+00
1.198626386628106469e+06 1.519019357903590661e+00
1.226586386277321959e+06 1.524030823090186226e+00
1.255198600485723931e+06 1.529042309967259428e+00
1.284478243267495418e+06 1.534053725791818090e+00
1.314440883529582992e+06 1.539065060947515828e+00
1.345102453350174939e+06 1.544076230685050621e+00
1.376479256450284738e+06 1.549087177465585219e+00
1.408587976862964220e+06 1.554098050447832779e+00
1.441445687804711517e+06 1.559108851755321767e+00
1.475069860753848683e+06 1.564119582815431730e+00
1.509478374740652740e+06 1.569130359133473984e+00
1.544689525854199659e+06 1.574141073737868268e+00
1.580722036970968591e+06 1.579151723867916246e+00
1.617595067710382864e+06 1.584162210075955368e+00
1.655328224622593960e+06 1.589172502149647004e+00
1.693941571613881271e+06 1.594182735097168235e+00
1.733455640615276061e+06 1.599192910739282381e+00
1.773891442500030622e+06 1.604203032852808297e+00
1.815270478255761554e+06 1.609213216142455716e+00
1.857614750417199917e+06 1.614223347000608655e+00
1.900946774765628157e+06 1.619233427153262461e+00
1.945289592301243450e+06 1.624243343103474180e+00
1.990666781494760187e+06 1.629253091191287250e+00
2.037102470824839314e+06 1.634262792809349163e+00
2.084621351607955527e+06 1.639272449170266377e+00
2.133248691127546132e+06 1.644282071035264803e+00
2.183010346069422085e+06 1.649291758965225396e+00
2.233932776270574424e+06 1.654301405439134509e+00
2.286043058788720984e+06 1.659311012266692975e+00
2.339368902300002985e+06 1.664320452523785576e+00
2.393938661832576618e+06 1.669329748062791774e+00
2.449781353843869176e+06 1.674339007718614880e+00
2.506926671649542637e+06 1.679348231687765258e+00
2.565405001212361734e+06 1.684357438104254978e+00
2.625247437299363781e+06 1.689366712085666355e+00
2.686485800015942194e+06 1.694375955528255373e+00
2.749152651725567412e+06 1.699385168089580400e+00
2.813281314364241436e+06 1.704394209131446347e+00
2.878905887158811092e+06 1.709403128287777296e+00
2.946061264758602716e+06 1.714412019718837721e+00
3.014783155789996497e+06 1.719420885655937425e+00
3.085108101843851618e+06 1.724429746807116803e+00
3.157073496905781329e+06 1.729438679216295904e+00
3.230717607239738572e+06 1.734447587582936157e+00
3.306079591735382564e+06 1.739456473830845784e+00
3.383199522730093449e+06 1.744465181980754842e+00
3.462118407316694967e+06 1.749473789619871766e+00
3.542878209148208145e+06 1.754482375996053278e+00
3.625521870751271956e+06 1.759490943146037711e+00
3.710093336359995883e+06 1.764499519771493219e+00
3.796637575282517821e+06 1.769508167446269598e+00
3.885200605812591501e+06 1.774516796843683908e+00
3.975829519698963035e+06 1.779525409990395213e+00
4.068572507185532711e+06 1.784533838252512439e+00
4.163478882635616697e+06 1.789542185522194684e+00
4.260599110753976740e+06 1.794550517771275500e+00
4.359984833420442417e+06 1.799558836164649955e+00
4.461688897149553522e+06 1.804567176535258888e+00
4.565765381190710701e+06 1.809575586602551800e+00
4.672269626283806749e+06 1.814583984889643009e+00
4.781258264085642993e+06 1.819592372279171810e+00
4.892789247282751836e+06 1.824600567391575945e+00
5.006921880406701006e+06 1.829608698246281140e+00
5.123716851368119940e+06 1.834616820798392833e+00
5.243236263726409525e+06 1.839624932298600912e+00
5.365543669712148607e+06 1.844633079661966768e+00
5.490704104019814171e+06 1.849641292948435822e+00
5.618784118388771079e+06 1.854649500387612671e+00
5.749851816990917549e+06 1.859657699592822455e+00
5.883976892643858679e+06 1.864665696066734490e+00
6.021230663868701085e+06 1.869673649150200401e+00
6.161686112812399864e+06 1.874681594437886734e+00
6.305417924054647796e+06 1.879689535428225478e+00
6.452502524320022203e+06 1.884697520300945728e+00
6.603018123116467148e+06 1.889705569984547306e+00
6.757044754321744666e+06 1.894713616378871590e+00
6.914664318740015849e+06 1.899721658258672230e+00
7.075960627650991082e+06 1.904729490996322161e+00
7.241019447375078686e+06 1.909737293210762132e+00
7.409928544878022745e+06 1.914745094102259682e+00
7.582777734439359047e+06 1.919752893614348643e+00
7.759658925409488380e+06 1.924760746974978565e+00
7.940666171080758795e+06 1.929768661265625518e+00
8.125895718698618002e+06 1.934776574363572976e+00
8.315446060639210045e+06 1.939784488049318245e+00
8.509417986780928448e+06 1.944792180559107742e+00
8.707914638097550720e+06 1.949799859510996658e+00
8.911041561501536518e+06 1.954807539284162399e+00
9.118906765966646373e+06 1.959815219963030097e+00
9.331620779959680513e+06 1.964822964704007413e+00
9.549296710212029517e+06 1.969830765302900577e+00
9.772050301861952990e+06 1.974838567972070358e+00
1.000000000000000000e+07 1.979846372130359855e+00
