1.000000000000000000e+00 -2.703466292798449633e+00
1.023326701264995586e+00 -2.676635326462647235e+00
1.047197537521897592e+00 -2.649999414076600779e+00
1.071625201645109993e+00 -2.623557840692531506e+00
1.096622682591926079e+00 -2.597309755454554114e+00
1.122203272309166167e+00 -2.571254157205496771e+00
1.148380572800922428e+00 -2.545389936534121489e+00
1.175168503361174288e+00 -2.519715899077762611e+00
1.202581307975112423e+00 -2.494230719384801898e+00
1.230633562893115540e+00 -2.468933645871820737e+00
1.259340184381400496e+00 -2.443822332808867515e+00
1.288716436653469799e+00 -2.418895082244206129e+00
1.318777939986574887e+00 -2.394150077690388123e+00
1.349540679027508183e+00 -2.369585374629163965e+00
1.381021011292142164e+00 -2.345198949787036469e+00
1.413235675863236063e+00 -2.320988715722683171e+00
1.446201802291132044e+00 -2.296952535294026099e+00
1.479936919702075526e+00 -2.273088726396952364e+00
1.514458966119003547e+00 -2.249394245618252519e+00
1.549786297999755647e+00 -2.225866671727226187e+00
1.585937699997779449e+00 -2.202503517454168502e+00
1.622932394950521884e+00 -2.179302225172491170e+00
1.660790054100816704e+00 -2.156260220939244299e+00
1.699530807556702383e+00 -2.133374923501420550e+00
1.739175254995234177e+00 -2.110643811950663196e+00
1.779744476615980675e+00 -2.088064742414883046e+00
1.821260044350027751e+00 -2.065634467146947095e+00
1.863744033330453576e+00 -2.043350364159954413e+00
1.907219033630370930e+00 -2.021209823939214001e+00
1.951708162274780278e+00 -1.999210247749337865e+00
1.997235075532617810e+00 -1.977349101821592514e+00
2.043823981495537900e+00 -1.955623919984568415e+00
2.091499652950118193e+00 -1.934032414220586471e+00
2.140287440550328046e+00 -1.912572614504129298e+00
2.190213286297267192e+00 -1.891241699673549492e+00
2.241303737333347978e+00 -1.870037478717912371e+00
2.293585960058241113e+00 -1.848957845753967266e+00
2.347087754574107787e+00 -1.828000775117072596e+00
2.401837569467787592e+00 -1.807164370430783595e+00
2.457864516937805721e+00 -1.786446856750989465e+00
2.515198388274246799e+00 -1.765846722922290057e+00
2.573869669699718532e+00 -1.745362696111374845e+00
2.633909558579837107e+00 -1.724992856577190814e+00
2.695349980011845226e+00 -1.704735879638289875e+00
2.758223603800193491e+00 -1.684590551636067079e+00
2.822563861828100151e+00 -1.664555757132536673e+00
2.888404965834336924e+00 -1.644630520016945097e+00
2.955781925604684002e+00 -1.624813982307037108e+00
3.024730567587738062e+00 -1.605105570996362196e+00
3.095287553944958248e+00 -1.585504822981643747e+00
3.167490402045090914e+00 -1.566010757215597238e+00
3.241377504413337718e+00 -1.546622893818584421e+00
3.316988149145864817e+00 -1.527340827638892673e+00
3.394362540800521355e+00 -1.508164208436836073e+00
3.473541821774866811e+00 -1.489092777026680636e+00
3.554568094182876781e+00 -1.470126332969382110e+00
3.637484442241965876e+00 -1.451264925385449711e+00
3.722334955182213356e+00 -1.432508549803452436e+00
3.809164750689999934e+00 -1.413856755442432167e+00
3.898019998898497374e+00 -1.395309465546371586e+00
3.988947946937781097e+00 -1.376866609649096462e+00
4.081996944057615373e+00 -1.358528102595743414e+00
4.177216467336273276e+00 -1.340293883051769441e+00
4.274657147989046280e+00 -1.322163875765676178e+00
4.374370798290465601e+00 -1.304138210104740958e+00
4.476410439124507867e+00 -1.286216811181111641e+00
4.580830328177473376e+00 -1.268399222227232448e+00
4.687685988788500957e+00 -1.250685251768092421e+00
4.797034239473075168e+00 -1.233074665187109398e+00
4.908933224135219042e+00 -1.215567168420647270e+00
5.023442442984433320e+00 -1.198162453574280084e+00
5.140622784173831228e+00 -1.180860159613618121e+00
5.260536556176284684e+00 -1.163660119997357523e+00
5.383247520915797502e+00 -1.146561865959710769e+00
5.508820927671727929e+00 -1.129564639948026583e+00
5.637323547773882559e+00 -1.112667890899021073e+00
5.768823710106929070e+00 -1.095871020386624872e+00
5.903391337443017584e+00 -1.079173372054870628e+00
6.041097983621914302e+00 -1.062574282311741669e+00
6.182016871598429830e+00 -1.046073038303696245e+00
6.326222932377369546e+00 -1.029669150864105820e+00
6.473792844856699702e+00 -1.013361780896636644e+00
6.624805076600138065e+00 -9.971499162574132269e-01
6.779339925560816660e+00 -9.810327301922024956e-01
6.937479562778231745e+00 -9.650093735309436260e-01
7.099308076071172202e+00 -9.490789654848004187e-01
7.264911514749855748e+00 -9.332406462291533700e-01
7.434377935371050405e+00 -9.174935264324938222e-01
7.607797448560526199e+00 -9.018369802304989635e-01
7.785262266927693631e+00 -8.862700021631229053e-01
7.966866754097958747e+00 -8.707915211772779829e-01
8.152707474888828187e+00 -8.554006368461324339e-01
8.342883246656457530e+00 -8.400964485503111812e-01
8.537495191839946429e+00 -8.248780446940446875e-01
8.736646791731333295e+00 -8.097445548225915557e-01
8.940443941499832903e+00 -7.946950886386031643e-01
9.148995006499641036e+00 -7.797290452169381991e-01
9.362410879891195137e+00 -7.648454089296442548e-01
9.580805041606561545e+00 -7.500431808270819900e-01
9.804293618690282486e+00 -7.353215079039524538e-01
1.003299544704777091e+01 -7.206795448314090580e-01
1.026703213463411934e+01 -7.061164409138249720e-01
1.050652812611683729e+01 -6.916313929156296947e-01
1.075161076904703705e+01 -6.772235752134487807e-01
1.100241038157411033e+01 -6.628924637553818000e-01
1.125906032173997318e+01 -6.486370796604136180e-01
1.152169705838977087e+01 -6.344565263965070701e-01
1.179046024373660551e+01 -6.203500217147789320e-01
1.206549278761905875e+01 -6.063167943030172147e-01
1.234694093349080646e+01 -5.923560671924447130e-01
1.263495433618288999e+01 -5.784671125609932574e-01
1.292968614147989292e+01 -5.646491756936594664e-01
1.323129306755234502e+01 -5.509018122661013539e-01
1.353993548828874971e+01 -5.372240867144720822e-01
1.385577751857137230e+01 -5.236152033371920256e-01
1.417898710154133290e+01 -5.100744539795966093e-01
1.450973609789921071e+01 -4.966011429239949315e-01
1.484820037728882447e+01 -4.831945740061225902e-01
1.519455991181264132e+01 -4.698540970416597018e-01
1.554899887172856943e+01 -4.565790359558220546e-01
1.591170572337914102e+01 -4.433690328388802393e-01
1.628287332940492504e+01 -4.302232065511597536e-01
1.666269905129571427e+01 -4.171408673025259195e-01
1.705138485433381845e+01 -4.041213913894828313e-01
1.744913741498533000e+01 -3.911641669704268298e-01
1.785616823079655902e+01 -3.782685881996751265e-01
1.827269373285384901e+01 -3.654340895482957041e-01
1.869893540086689399e+01 -3.526600820993293084e-01
1.913511988093636518e+01 -3.399463003890088042e-01
1.958147910606884068e+01 -3.272919251847514754e-01
2.003825041950286945e+01 -3.146963740515935082e-01
2.050567670091178130e+01 -3.021591101152480974e-01
2.098400649555053832e+01 -2.896796075168525664e-01
2.147349414641496779e+01 -2.772573492950112239e-01
2.197439992948402931e+01 -2.648918531068603088e-01
2.248699019211663597e+01 -2.525826147813969302e-01
2.301153749467702525e+01 -2.403294573905405962e-01
2.354832075546360670e+01 -2.281316192661656805e-01
2.409762539901859668e+01 -2.159886177208631686e-01
2.465974350789728220e+01 -2.038999960506535647e-01
2.523497397797741115e+01 -1.918653074620638999e-01
2.582362267739162576e+01 -1.798841156998921553e-01
2.642600260916711363e+01 -1.679560132065084643e-01
2.704243407765914498e+01 -1.560805808277281603e-01
2.767324485886704366e+01 -1.442577002833242694e-01
2.831877037472290581e+01 -1.324866803353358380e-01
2.897935387144608299e+01 -1.207671215552163363e-01
2.965534660205789308e+01 -1.090986390112024113e-01
3.034710801315399564e+01 -9.748085675404825901e-02
3.105500593603340320e+01 -8.591341036711340473e-02
3.177941678228591016e+01 -7.439595868249049282e-02
3.252072574394209425e+01 -6.292816850445796806e-02
3.327932699829187868e+01 -5.150994356483661746e-02
3.405562391748114237e+01 -4.014068267971236670e-02
3.485002928299726221e+01 -2.882005046905896858e-02
3.566296550515807695e+01 -1.754772463093211277e-02
3.649486484772075556e+01 -6.323391047504045223e-03
3.734616965772991648e+01 4.853252855939292273e-03
3.821733260072763727e+01 1.598249112448206152e-02
3.910881690144978506e+01 2.706458243865871721e-02
4.002109659013732568e+01 3.809960740259273754e-02
4.095465675459298183e+01 4.908809023741510930e-02
4.190999379811780301e+01 6.003031205744747967e-02
4.288761570346432705e+01 7.092654301892674373e-02
4.388804230294696396e+01 8.177704520767231644e-02
4.491180555485330927e+01 9.258207049461697480e-02
4.595944982630293651e+01 1.033418555753141815e-01
4.703153218270465175e+01 1.140565963189526105e-01
4.812862268396564502e+01 1.247263647820308491e-01
4.925130468761019387e+01 1.353516207653722991e-01
5.040017515896936828e+01 1.459326007172158934e-01
5.157584498860608591e+01 1.564695327177113848e-01
5.277893931714503850e+01 1.669626363252628420e-01
5.401009786767939858e+01 1.774121232055533293e-01
5.526997528593192754e+01 1.878181918737762413e-01
5.655924148835056542e+01 1.981809863180746534e-01
5.787858201832405314e+01 2.085005770326931185e-01
5.922869841070706087e+01 2.187773709059970262e-01
6.061030856484813256e+01 2.290115689968606205e-01
6.202414712631956917e+01 2.392033663187603243e-01
6.347096587755135033e+01 2.493529494720332640e-01
6.495153413757770977e+01 2.594604999611017648e-01
6.646663917110817010e+01 2.695261868094102065e-01
6.801708660714085397e+01 2.795501124927995962e-01
6.960370086734097583e+01 2.895323529099333992e-01
7.122732560441154703e+01 2.994732727190792532e-01
7.288882415069021192e+01 3.093730461696966860e-01
7.458907997721017580e+01 3.192318442593540806e-01
7.632899716346940977e+01 3.290498290732346010e-01
7.810950087815838572e+01 3.388271614275383259e-01
7.993153787110108510e+01 3.485639887918467461e-01
8.179607697667196931e+01 3.582603814961735078e-01
8.370410962895536500e+01 3.679164272572786332e-01
8.565665038892242933e+01 3.775324579484625742e-01
8.765473748390500930e+01 3.871086286432152690e-01
8.969943335965366771e+01 3.966450944559588021e-01
9.179182524527371356e+01 4.061420004617000701e-01
9.393302573133887279e+01 4.155994952796752129e-01
9.612417336149098901e+01 4.250177118793974640e-01
9.836643323783911796e+01 4.343966967405412660e-01
1.006609976404813125e+02 4.437365552282517278e-01
1.030090866614772835e+02 4.530375947646542167e-01
1.054119488536096299e+02 4.622999580920068574e-01
1.078708618942787041e+02 4.715237917854708249e-01
1.103871332648841843e+02 4.807092306578856222e-01
1.129621009460534253e+02 4.898564186839995394e-01
1.155971341290882037e+02 4.989654806398161058e-01
1.182936339440071123e+02 5.080364463980127088e-01
1.210530342045697552e+02 5.170694441539913644e-01
1.238768021706810742e+02 5.260647640348758980e-01
1.267664393285794233e+02 5.350225424224369641e-01
1.297234821892244270e+02 5.439429236658915867e-01
1.327495031053074968e+02 5.528260388938348591e-01
1.358461111073215193e+02 5.616720315606882341e-01
1.390149527591334504e+02 5.704810257830201792e-01
1.422577130335132551e+02 5.792530401080280278e-01
1.455761162080875408e+02 5.879882303120965714e-01
1.489719267821917867e+02 5.966868740279599459e-01
1.524469504151108197e+02 6.053491073398635791e-01
1.560030348862037499e+02 6.139750774631372865e-01
1.596420710774268059e+02 6.225649171132601190e-01
1.633659939787751796e+02 6.311187732968525088e-01
1.671767837171771873e+02 6.396367750417365494e-01
1.710764666093906214e+02 6.481189341262770798e-01
1.750671162394587554e+02 6.565654379859802159e-01
1.791508545613009176e+02 6.649765557536053695e-01
1.833298530270211302e+02 6.733524273117073022e-01
1.876063337415378669e+02 6.816932081123711074e-01
1.919825706441478417e+02 6.899990360527941125e-01
1.964608907176498462e+02 6.982700653305990990e-01
2.010436752256754858e+02 7.065064337154624008e-01
2.057333609788814499e+02 7.147081498110151587e-01
2.105324416306793864e+02 7.228754356155334682e-01
2.154434690031884543e+02 7.310085549416011075e-01
2.204690544441200188e+02 7.391076553227710066e-01
2.256118702153141271e+02 7.471729031105676100e-01
2.308746509136637712e+02 7.552044448021559830e-01
2.362601949251867950e+02 7.632024440589902925e-01
2.417713659130163251e+02 7.711670502322321985e-01
2.474110943400992824e+02 7.790982711997793686e-01
2.531823790274164878e+02 7.869963659796461730e-01
2.590882887485497577e+02 7.948615940644074840e-01
2.651319638614461951e+02 8.026941149238249196e-01
2.713166179782438121e+02 8.104941068853751540e-01
2.776455396740510650e+02 8.182617275246071298e-01
2.841220942355861894e+02 8.259971511825356938e-01
2.907497254506047852e+02 8.337005406735922275e-01
2.975319574390705952e+02 8.413719044821885706e-01
3.044723965270409849e+02 8.490115401959964503e-01
3.115747331642646145e+02 8.566197030793597511e-01
3.188427438865082308e+02 8.641965676051979184e-01
3.262802933236600893e+02 8.717423245634496887e-01
3.338913362546763892e+02 8.792571432577883650e-01
3.416799197104595009e+02 8.867412091104688310e-01
3.496501851257932003e+02 8.941946991959149882e-01
3.578063705414727451e+02 9.016176227547523236e-01
3.661528128578061114e+02 9.090103161373226381e-01
3.746939501406781119e+02 9.163730310024641446e-01
3.834343239814105573e+02 9.237059573895052278e-01
3.923785819116706080e+02 9.310092986985999408e-01
4.015314798747068608e+02 9.382832353387828839e-01
4.108978847542358608e+02 9.455279635243160063e-01
4.204827769623162226e+02 9.527436744616620823e-01
4.302912530875921107e+02 9.599303772870020346e-01
4.403285286053070990e+02 9.670884466082249054e-01
4.505999406505378602e+02 9.742181302765314799e-01
4.611109508561178814e+02 9.813196336969077782e-01
4.718671482567567068e+02 9.883931718126610644e-01
4.828742522609076673e+02 9.954389345719680815e-01
4.941381156919555906e+02 1.002457127972810502e+00
5.056647279003498738e+02 1.009447956281061431e+00
5.174602179483267719e+02 1.016411426309238308e+00
5.295308578689265460e+02 1.023347949961656012e+00
5.418830660010320344e+02 1.030257770141426388e+00
5.545234104021981238e+02 1.037141106316320727e+00
5.674586123410969094e+02 1.043998183162944349e+00
5.806955498714262376e+02 1.050829197582294761e+00
5.942412614891895828e+02 1.057634363843688030e+00
6.081029498752822064e+02 1.064413898014968884e+00
6.222879857253850560e+02 1.071167799530760245e+00
6.368039116691971913e+02 1.077896518217110078e+00
6.516584462810853893e+02 1.084600289578980359e+00
6.668594881842949462e+02 1.091279345077042162e+00
6.824151202508980987e+02 1.097933916731392179e+00
6.983336138997070748e+02 1.104564205268444566e+00
7.146234334944505235e+02 1.111170431289183025e+00
7.312932408445404917e+02 1.117752808899870054e+00
7.483518998108318101e+02 1.124311359771489771e+00
7.658084810188112215e+02 1.130846536482633446e+00
7.836722666817365734e+02 1.137358575732521526e+00
8.019527555362836893e+02 1.143847718049979534e+00
8.206596678933188969e+02 1.150314200267283260e+00
8.398029508064970514e+02 1.156758222891304033e+00
8.593927833614213796e+02 1.163180010583994672e+00
8.794395820881866257e+02 1.169579769171076311e+00
8.999540065001706353e+02 1.175957547585163798e+00
9.209469647620353498e+02 1.182313789795556236e+00
9.424296194899441161e+02 1.188648733725483408e+00
9.644133936870698562e+02 1.194962625951263568e+00
9.869099768175690315e+02 1.201255704827384196e+00
1.009931331022235440e+03 1.207528167142523090e+00
1.033489697479150891e+03 1.213780238961708058e+00
1.057597602912697994e+03 1.220012113986754354e+00
1.082267866254417186e+03 1.226223865490932763e+00
1.107513605459238534e+03 1.232415925178883764e+00
1.133348244480704807e+03 1.238588529279313954e+00
1.159785520408913726e+03 1.244741927448466567e+00
1.186839490774959131e+03 1.250876355691873609e+00
1.214524541025766439e+03 1.256992004058030465e+00
1.242855392173280734e+03 1.263089096882887841e+00
1.271847108622094993e+03 1.269167811769314147e+00
1.301515106179671420e+03 1.275228243478149892e+00
1.331875160253403919e+03 1.281270807430620939e+00
1.362943414238903642e+03 1.287295735566758692e+00
1.394736388103946865e+03 1.293303276072232499e+00
1.427270987172666992e+03 1.299293660758553681e+00
1.460564511114639572e+03 1.305267069262959545e+00
1.494634663143664056e+03 1.311223721213229387e+00
1.529499559431124226e+03 1.317163774544740651e+00
1.565177738738917014e+03 1.323087343038705344e+00
1.601688172277101557e+03 1.328994822008628285e+00
1.639050273791485097e+03 1.334886436816890010e+00
1.677283909886528818e+03 1.340762429963101576e+00
1.716409410589036270e+03 1.346623027351030233e+00
1.756447580158272558e+03 1.352468395340974627e+00
1.797419708148249583e+03 1.358298745881673986e+00
1.839347580728039929e+03 1.364114214162832406e+00
1.882253492266173907e+03 1.369914930712752277e+00
1.926160257185262253e+03 1.375701267192091182e+00
1.971091222093130682e+03 1.381473439542023396e+00
2.017070278196952813e+03 1.387231682549672884e+00
2.064121874006953476e+03 1.392976212585621543e+00
2.112271028336457221e+03 1.398707181123827192e+00
2.161543343605167138e+03 1.404424789643847538e+00
2.211965019452783054e+03 1.410129148124170673e+00
2.263562866670179119e+03 1.415820401876782819e+00
2.316364321455532263e+03 1.421498896150269031e+00
2.370397460003020569e+03 1.427164834963577267e+00
2.425691013431813644e+03 1.432818444187036411e+00
2.482274383063322603e+03 1.438459927385797643e+00
2.540177656054792806e+03 1.444089420420531678e+00
2.599431621397598065e+03 1.449707112160248279e+00
2.660067786288723710e+03 1.455313085684608376e+00
2.722118392884119658e+03 1.460907499558152356e+00
2.785616435442878355e+03 1.466490670775096872e+00
2.850595677871314365e+03 1.472062789232135627e+00
2.917090671676307011e+03 1.477624071312232168e+00
2.985136774337406678e+03 1.483174704380511688e+00
3.054770168107525933e+03 1.488714808807619194e+00
3.126027879252191269e+03 1.494244559001679296e+00
3.198947797737555902e+03 1.499764009875648174e+00
3.273568697377696481e+03 1.505273331979221751e+00
3.349930256451864352e+03 1.510772812985766933e+00
3.428073078802688087e+03 1.516262626900402255e+00
3.508038715426493582e+03 1.521742980226335362e+00
3.589869686567283679e+03 1.527214042177823750e+00
3.673609504326103433e+03 1.532675917625391682e+00
3.759302695797768138e+03 1.538128765715528701e+00
3.846994826747336447e+03 1.543572612655114806e+00
3.936732525838852325e+03 1.549007640446226519e+00
4.028563509429287933e+03 1.554434107289754508e+00
4.122536606940808269e+03 1.559852170155820561e+00
4.218701786824922237e+03 1.565262025877149910e+00
4.317110183132292150e+03 1.570663824299227240e+00
4.417814122702290661e+03 1.576057655109644795e+00
4.520867152986842484e+03 1.581443661906768661e+00
4.626324070523299270e+03 1.586821841988109494e+00
4.734240950071455700e+03 1.592192388509874101e+00
4.844675174430283732e+03 1.597555530420890602e+00
4.957685464950155620e+03 1.602911407321018000e+00
5.073331912756860220e+03 1.608260206153164118e+00
5.191676010703909924e+03 1.613602056793231654e+00
5.312780686070240336e+03 1.618937034415296905e+00
5.436710334020641312e+03 1.624265267238223176e+00
5.563530851846656333e+03 1.629586723917231916e+00
5.693309674006271962e+03 1.634901609080921636e+00
5.826115807980922000e+03 1.640210122993643882e+00
5.962019870968963005e+03 1.645512389281745591e+00
6.101094127435025257e+03 1.650808583368166493e+00
6.243412527535317167e+03 1.656098816928674999e+00
6.389050746439266732e+03 1.661383151293750027e+00
6.538086224568354737e+03 1.666661699968982280e+00
6.690598208773645638e+03 1.671934403659110391e+00
6.846667794473817594e+03 1.677201479133998641e+00
7.006377968776177113e+03 1.682463098738437690e+00
7.169813654603468422e+03 1.687719370964319232e+00
7.337061755850084410e+03 1.692970460531924903e+00
7.508211203591626145e+03 1.698216460497976810e+00
7.683353003372302737e+03 1.703457419780443072e+00
7.862580283595478249e+03 1.708693437913066493e+00
8.045988345042948822e+03 1.713924428426042645e+00
8.233674711549403582e+03 1.719150621065635542e+00
8.425739181858869415e+03 1.724372161195740549e+00
8.622283882690853716e+03 1.729589143231399895e+00
8.823413323044371282e+03 1.734801722598354301e+00
9.029234449768611739e+03 1.740009973557928857e+00
9.239856704429974343e+03 1.745213934490137841e+00
9.455392081505573515e+03 1.750413692128349297e+00
9.675955187934261630e+03 1.755609134024508799e+00
9.901663304056692141e+03 1.760800504104826247e+00
1.013263644597698476e+04 1.765987921990355147e+00
1.036899742937909832e+04 1.771171469308180146e+00
1.061087193483173542e+04 1.776351293656289743e+00
1.085838857461668522e+04 1.781527450557871983e+00
1.111167896111601294e+04 1.786699969579030434e+00
1.137087777679448300e+04 1.791868925718054006e+00
1.163612284581455060e+04 1.797034181599406422e+00
1.190755520732166042e+04 1.802195996374493125e+00
1.218531919043929884e+04 1.807354464982403153e+00
1.246956249101329922e+04 1.812509657481628844e+00
1.276043625014636382e+04 1.817661714919198923e+00
1.305809513456455352e+04 1.822810674385011653e+00
1.336269741885840995e+04 1.827956558318624358e+00
1.367440506964265114e+04 1.833099431232022125e+00
1.399338383167875145e+04 1.838239132093081762e+00
1.431980331600674617e+04 1.843375936579481955e+00
1.465383709013273437e+04 1.848509916290496768e+00
1.499566277032017751e+04 1.853641131392926633e+00
1.534546211603405754e+04 1.858769717224966644e+00
1.570342112658806400e+04 1.863895693649721519e+00
1.606973014004640936e+04 1.869019077485082336e+00
1.644458393443237219e+04 1.874139921290734812e+00
1.682818183129802856e+04 1.879258049560586175e+00
1.722072780170974875e+04 1.884373747616735262e+00
1.762243057470604253e+04 1.889487067468344161e+00
1.803350374828534041e+04 1.894598060362446157e+00
1.845416590298273877e+04 1.899706857621698441e+00
1.888464071809629240e+04 1.904813461751614145e+00
1.932515709062410315e+04 1.909917885515870717e+00
1.977594925697620783e+04 1.915020159894999630e+00
2.023725691752541024e+04 1.920120128011957750e+00
2.070932536406349755e+04 1.925218053907766569e+00
2.119240561023060945e+04 1.930313981823964298e+00
2.168675452498703817e+04 1.935407955274243808e+00
2.219263496919870886e+04 1.940500103155421430e+00
2.271031593540831091e+04 1.945590411023088606e+00
2.324007269086725501e+04 1.950678889210969658e+00
2.378218692390390788e+04 1.955765548299204459e+00
2.433694689370610649e+04 1.960850251202476580e+00
2.490464758359765619e+04 1.965933241781602003e+00
2.548559085789019082e+04 1.971014557577837722e+00
2.608008562239410821e+04 1.976094235513240926e+00
2.668844798867320787e+04 1.981172402901759000e+00
2.731100144213137173e+04 1.986249029007065126e+00
2.794807701401984014e+04 1.991324122755743442e+00
2.860001345745698200e+04 1.996397675189519605e+00
2.926715742755394604e+04 2.001469569802635018e+00
2.994986366574203930e+04 2.006540031118442258e+00
3.064849518840016026e+04 2.011609090805180244e+00
3.136342347988163601e+04 2.016676780009615033e+00
3.209502869004439344e+04 2.021743225818286138e+00
3.284369983638853591e+04 2.026808381380266422e+00
3.360983501090916252e+04 2.031872255551909312e+00
3.439384159177444235e+04 2.036934820790350376e+00
3.519613645994128456e+04 2.041995982183373304e+00
3.601714622082436836e+04 2.047055945892492179e+00
3.685730743113521021e+04 2.052114738671011906e+00
3.771706683101342060e+04 2.057172386910636419e+00
3.859688158157235739e+04 2.062229018285569815e+00
3.949721950798611942e+04 2.067284570498224117e+00
4.041855934824687574e+04 2.072339053194820035e+00
4.136139100772485835e+04 2.077392420986750921e+00
4.232621581966674421e+04 2.082444601185357680e+00
4.331354681176985468e+04 2.087495782205754935e+00
4.432390897897542891e+04 2.092545986498440147e+00
4.535783956262486026e+04 2.097595236325547230e+00
4.641588833612782037e+04 2.102643660584397889e+00
4.749861789729408338e+04 2.107691181871338859e+00
4.860660396748434869e+04 2.112737811461802284e+00
4.974043569773982745e+04 2.117783486748325839e+00
5.090071598205174087e+04 2.122828158001009768e+00
5.208806177793946699e+04 2.127871996638455609e+00
5.330310443450610910e+04 2.132915021540721323e+00
5.454649002814671258e+04 2.137957251877813825e+00
5.581887970608726027e+04 2.142998817924683053e+00
5.712095003793790238e+04 2.148039628339514895e+00
5.845339337544563750e+04 2.153079696650807229e+00
5.981691822063994914e+04 2.158118943671516465e+00
6.121224960256550548e+04 2.163157343222533946e+00
6.264012946280291362e+04 2.168195050243853839e+00
6.410131704998239002e+04 2.173232080572266245e+00
6.559658932349998213e+04 2.178268452548397960e+00
6.712674136665188416e+04 2.183304292794176593e+00
6.869258680940442719e+04 2.188339501720909297e+00
7.029495826102720457e+04 2.193374093736032648e+00
7.193470775281754322e+04 2.198407973493818002e+00
7.361270719115229440e+04 2.203441138767515461e+00
7.532984882110792387e+04 2.208473728484589671e+00
7.708704570089506160e+04 2.213505755891505888e+00
7.888523218736093258e+04 2.218537242874258464e+00
8.072536443281533138e+04 2.223568301549172510e+00
8.260842089344754640e+04 2.228598835964044067e+00
8.453540284960204735e+04 2.233628858244020243e+00
8.650733493819079013e+04 2.238658257463870260e+00
8.852526569752491196e+04 2.243687055895044580e+00
9.059026812485528353e+04 2.248715376976929914e+00
9.270344024691966479e+04 2.253743231796596636e+00
9.486590570379696146e+04 2.258770646374043345e+00
9.707881434638271458e+04 2.263797718386976854e+00
9.934334284780078451e+04 2.268824355946363447e+00
1.016606953290774982e+05 2.273850569150127399e+00
1.040321039994106541e+05 2.278876231765458726e+00
1.064588298113736819e+05 2.283901390756478467e+00
1.089421631314046244e+05 2.288926154269897761e+00
1.114834244259333645e+05 2.293950531528396120e+00
1.140839649635158567e+05 2.298974552976971175e+00
1.167451675333460589e+05 2.303998301984498731e+00
1.194684471805283247e+05 2.309021691201153192e+00
1.222552519585014525e+05 2.314044729107031184e+00
1.251070636990139610e+05 2.319067274491954933e+00
1.280253988000616810e+05 2.324089399501631181e+00
1.310118090322026837e+05 2.329111197424939661e+00
1.340678823636835732e+05 2.334132676043125354e+00
1.371952438048118202e+05 2.339153870705997562e+00
1.403955562720249582e+05 2.344174850705036395e+00
1.436705214721154189e+05 2.349195533673357872e+00
1.470218808070813247e+05 2.354215926641635370e+00
1.504514163000859553e+05 2.359235873753549484e+00
1.539609515430135943e+05 2.364255472389526158e+00
1.575523526661319775e+05 2.369274801211788350e+00
1.612275293303721410e+05 2.374293866613120141e+00
1.649884357427551004e+05 2.379312709067252563e+00
1.688370716955053213e+05 2.384331383719467734e+00
1.727754836294027045e+05 2.389349813345083451e+00
1.768057657219409884e+05 2.394368003808089895e+00
1.809300610008655640e+05 2.399385784648042197e+00
1.851505624836902425e+05 2.404403278924168497e+00
1.894695143437932420e+05 2.409420550820629892e+00
1.938892131037147774e+05 2.414437605696154954e+00
1.984120088562902529e+05 2.419454489462027347e+00
2.030403065142682462e+05 2.424471243468414361e+00
2.077765670890797919e+05 2.429487795978500841e+00
2.126233089994331240e+05 2.434504151984727471e+00
2.175831094104378426e+05 2.439520126751695717e+00
2.226586056039640389e+05 2.444535869139644380e+00
2.278524963809682522e+05 2.449551429053348883e+00
2.331675434965306777e+05 2.454566810951304134e+00
2.386065731283666973e+05 2.459582066341007067e+00
2.441724773795965011e+05 2.464597222724545844e+00
2.498682158165643341e+05 2.469612213944019086e+00
2.556968170425348508e+05 2.474627044037922108e+00
2.616613803080963844e+05 2.479641514082148390e+00
2.677650771591298399e+05 2.484655798769304980e+00
2.740111531232194393e+05 2.489669933875828356e+00
2.804029294354012818e+05 2.494683923099168865e+00
2.869438048041706206e+05 2.499697823742938585e+00
2.936372572186787729e+05 2.504711649573645005e+00
3.004868457980916719e+05 2.509725340261963922e+00
3.074962126840846613e+05 2.514738899241464321e+00
3.146690849774839589e+05 2.519752113766533963e+00
3.220092767200833187e+05 2.524765184414424990e+00
3.295206909226894495e+05 2.529778133267442275e+00
3.372073216404780978e+05 2.534790963374313311e+00
3.450732560967549216e+05 2.539803738012565315e+00
3.531226768562633661e+05 2.544816457084956962e+00
3.613598640491850674e+05 2.549829066553845447e+00
3.697891976470199879e+05 2.554841569025546821e+00
3.784151597915537423e+05 2.559853737740096058e+00
3.872423371781570604e+05 2.564865799544165270e+00
3.962754234946707147e+05 2.569877762397664078e+00
4.055192219171906472e+05 2.574889628881992021e+00
4.149786476640665787e+05 2.579901468115296304e+00
4.246587306094782543e+05 2.584913266529479614e+00
4.345646179579779273e+05 2.589924975985196998e+00
4.447015769814198138e+05 2.594936590692501266e+00
4.550749978197379969e+05 2.599947894221194211e+00
4.656903963470477029e+05 2.604959115585550489e+00
4.765534171046128613e+05 2.609970257010496564e+00
4.876698363022251287e+05 2.614981320699712342e+00
4.990455648895966006e+05 2.619992382112506402e+00
5.106866516993973637e+05 2.625003414149001291e+00
5.225992866636091494e+05 2.630014374909505293e+00
5.347898041049111634e+05 2.635025244677025036e+00
5.472646861048321007e+05 2.640035833570995472e+00
5.600305659504813375e+05 2.645046356701268753e+00
5.730942316616747994e+05 2.650056815952622546e+00
5.864626296003389871e+05 2.655067213116421687e+00
6.001428681641101139e+05 2.660077629886842043e+00
6.141422215660908259e+05 2.665088025454538823e+00
6.284681337027839618e+05 2.670098363928340213e+00
6.431282221122382907e+05 2.675108612391214447e+00
6.581302820245384937e+05 2.680118606803209680e+00
6.734822905067723477e+05 2.685128548870095333e+00
6.891924107046891004e+05 2.690138440077769033e+00
7.052689961832996923e+05 2.695148281913156474e+00
7.217205953687296715e+05 2.700158162406329776e+00
7.385559560936910566e+05 2.705168027459550650e+00
7.557840302489720052e+05 2.710177847591746403e+00
7.734139785434444202e+05 2.715187576162853222e+00
7.914551753750992939e+05 2.720197075651520358e+00
8.099172138157092268e+05 2.725206534446698470e+00
8.288099107117661042e+05 2.730215953473124291e+00
8.481433119044055929e+05 2.735225334130677588e+00
8.679276975711039267e+05 2.740234770858381630e+00
8.881735876919608563e+05 2.745244195970671264e+00
9.088917476435109274e+05 2.750253586076403689e+00
9.300931939230110729e+05 2.755262881329349156e+00
9.517892000062591396e+05 2.760271970309588596e+00
9.739913023420545505e+05 2.765281027633804456e+00
9.967113064864899497e+05 2.770290054499197296e+00
1.019961293380344170e+06 2.775299051614618762e+00
1.043753625772886327e+06 2.780308119924254751e+00
1.068100954795546830e+06 2.785317178152217910e+00
1.093016226688919356e+06 2.790326210113576622e+00
1.118512689686684869e+06 2.795335141337626172e+00
1.144603901060113218e+06 2.800343887873322224e+00
1.171303734326889040e+06 2.805352610692960713e+00
1.198626386628106469e+06 2.810361310457366368e+00
1.226586386277321959e+06 2.815369988387884437e+00
1.255198600485723931e+06 2.820378751509428739e+00
1.284478243267495418e+06 2.825387505633125240e+00
1.314440883529582992e+06 2.830396239729777275e+00
1.345102453350174939e+06 2.835404867669338191e+00
1.376479256450284738e+06 2.840413330563576366e+00
1.408587976862964220e+06 2.845421776252481827e+00
1.441445687804711517e+06 2.850430205570819275e+00
1.475069860753848683e+06 2.855438618686488628e+00
1.509478374740652740e+06 2.860447129873954886e+00
1.544689525854199659e+06 2.865455630958658073e+00
1.580722036970968591e+06 2.870464118004434351e+00
1.617595067710382864e+06 2.875472490414760607e+00
1.655328224622593960e+06 2.880480716854678214e+00
1.693941571613881271e+06 2.885488931235278720e+00
1.733455640615276061e+06 2.890497134305199722e+00
1.773891442500030622e+06 2.895505328793651412e+00
1.815270478255761554e+06 2.900513628381497622e+00
1.857614750417199917e+06 2.905521918460702402e+00
1.900946774765628157e+06 2.910530199779625349e+00
1.945289592301243450e+06 2.915538357885938847e+00
1.990666781494760187e+06 2.920546388186069819e+00
2.037102470824839314e+06 2.925554411160291135e+00
2.084621351607955527e+06 2.930562427129628666e+00
2.133248691127546132e+06 2.935570445983974874e+00
2.183010346069422085e+06 2.940578567432667878e+00
2.233932776270574424e+06 2.945586683122543903e+00
2.286043058788720984e+06 2.950594794050052538e+00
2.339368902300002985e+06 2.955602772496350283e+00
2.393938661832576618e+06 2.960610639537119226e+00
2.449781353843869176e+06 2.965618503248264481e+00
2.506926671649542637e+06 2.970626363084570620e+00
2.565405001212361734e+06 2.975634236455234394e+00
2.625247437299363781e+06 2.980642207769503838e+00
2.686485800015942194e+06 2.985650178231483043e+00
2.749152651725567412e+06 2.990658146822359420e+00
2.813281314364241436e+06 2.995665972242968600e+00
2.878905887158811092e+06 3.000673703481348653e+00
2.946061264758602716e+06 3.005681434066646229e+00
3.014783155789996497e+06 3.010689165613354312e+00
3.085108101843851618e+06 3.015696918226840939e+00
3.157073496905781329e+06 3.020704767361992449e+00
3.230717607239738572e+06 3.025712617142709338e+00
3.306079591735382564e+06 3.030720468930287126e+00
3.383199522730093449e+06 3.035728166195766242e+00
3.462118407316694967e+06 3.040735785989178375e+00
3.542878209148208145e+06 3.045743407033378869e+00
3.625521870751271956e+06 3.050751030852069334e+00
3.710093336359995883e+06 3.055758685645576289e+00
3.796637575282517821e+06 3.060766432497787015e+00
3.885200605812591501e+06 3.065774181603228232e+00
3.975829519698963035e+06 3.070781934520685930e+00
4.068572507185532711e+06 3.075789522159068756e+00
4.163478882635616697e+06 3.080797047963745428e+00
4.260599110753976740e+06 3.085804577469970056e+00
4.359984833420442417e+06 3.090812111416000096e+00
4.461688897149553522e+06 3.095819685217902961e+00
4.565765381190710701e+06 3.100827346187710720e+00
4.672269626283806749e+06 3.105835012450452570e+00
4.781258264085642993e+06 3.110842684499717681e+00
4.892789247282751836e+06 3.115850180575810313e+00
5.006921880406701006e+06 3.120857628326613842e+00
5.123716851368119940e+06 3.125865083344195661e+00
5.243236263726409525e+06 3.130872542524421043e+00
5.365543669712148607e+06 3.135880052435647602e+00
5.490704104019814171e+06 3.140887642798968926e+00
5.618784118388771079e+06 3.145895241512861595e+00
5.749851816990917549e+06 3.150902845867065594e+00
5.883976892643858679e+06 3.155910261048011201e+00
6.021230663868701085e+06 3.160917646087546995e+00
6.161686112812399864e+06 3.165925036278367966e+00
6.305417924054647796e+06 3.170932434823824586e+00
6.452502524320022203e+06 3.175939889615287726e+00
6.603018123116467148e+06 3.180947421299496369e+00
6.757044754321744666e+06 3.185954961500926608e+00
6.914664318740015849e+06 3.190962508725303515e+00
7.075960627650991082e+06 3.195969858082047033e+00
7.241019447375078686e+06 3.200977187933177426e+00
7.409928544878022745e+06 3.205984527227910608e+00
7.582777734439359047e+06 3.210991875664400030e+00
7.759658925409488380e+06 3.215999288230841913e+00
7.940666171080758795e+06 3.221006771774390209e+00
8.125895718698618002e+06 3.226014263943349114e+00
8.315446060639210045e+06 3.231021766294460029e+00
8.509417986780928448e+06 3.236029056845280749e+00
8.707914638097550720e+06 3.241036343000164077e+00
8.911041561501536518e+06 3.246043638929459796e+00
9.118906765966646373e+06 3.251050944513527163e+00
9.331620779959680513e+06 3.256058322709323605e+00
9.549296710212029517e+06 3.261065765117785009e+00
9.772050301861952990e+06 3.266073217760859571e+00
1.000000000000000000e+07 3.271080679871282815e+00
