1.000000000000000000e+00 -3.464673899960210690e+00
1.028073223830865190e+00 -3.431049487526671271e+00
1.056934553557988377e+00 -3.397677323231294011e+00
1.086606113854597266e+00 -3.364556916385964769e+00
1.117110650504824054e+00 -3.331688480240781569e+00
1.148471547840289375e+00 -3.299068681078407561e+00
1.180712846666190030e+00 -3.266696989852640343e+00
1.213859262690628160e+00 -3.234572011597197871e+00
1.247936205471311233e+00 -3.202690374144479879e+00
1.282969797894147890e+00 -3.171051506220599947e+00
1.318986896198670156e+00 -3.139652511318358652e+00
1.356015110565633730e+00 -3.108490060658160914e+00
1.394082826282578180e+00 -3.077563581211204546e+00
1.433219225503574057e+00 -3.046868784707991828e+00
1.473454309619835367e+00 -3.016402646843546975e+00
1.514818922258345912e+00 -2.986164246626179963e+00
1.557344772926134491e+00 -2.956148469674929391e+00
1.601064461318317811e+00 -2.926352886015081811e+00
1.646011502308550645e+00 -2.896775384305474432e+00
1.692220351641037235e+00 -2.867411163715235300e+00
1.739726432343801532e+00 -2.838258159253292501e+00
1.788566161883461625e+00 -2.809313247888501230e+00
1.838776980082327484e+00 -2.780572105593250853e+00
1.890397377819221125e+00 -2.752033118690313973e+00
1.943466926536020933e+00 -2.723692351130422296e+00
1.998026308572550480e+00 -2.695546101238089243e+00
2.054117348353064809e+00 -2.667593307128174995e+00
2.111783044448243718e+00 -2.639829381595527824e+00
2.171067602537265273e+00 -2.612251617237385748e+00
2.232016469295234007e+00 -2.584858860594489993e+00
2.294676367231936354e+00 -2.557646750123077961e+00
2.359095330508635513e+00 -2.530613560879715340e+00
2.425322741760353118e+00 -2.503757620795008521e+00
2.493409369951879562e+00 -2.477075402711883978e+00
2.563407409296515116e+00 -2.450565982262135289e+00
2.635370519267394407e+00 -2.424227252500570362e+00
2.709353865732051503e+00 -2.398056543051218625e+00
2.785414163241767493e+00 -2.372053675796872874e+00
2.863609718508115964e+00 -2.346216142085717937e+00
2.944000475100034819e+00 -2.320542094498173835e+00
3.026648059395691703e+00 -2.295032011231613822e+00
3.111615827824361080e+00 -2.269682959520358700e+00
3.198968915434536875e+00 -2.244494142216050481e+00
3.288774285825510901e+00 -2.219465634487697958e+00
3.381100782480684686e+00 -2.194594977124447510e+00
3.476019181541978309e+00 -2.169881998901364906e+00
3.573602246065787469e+00 -2.145326143011228037e+00
3.673924781802075046e+00 -2.120925464155942741e+00
3.777063694539367411e+00 -2.096680190790192633e+00
3.883098049059606094e+00 -2.072589067726507750e+00
3.992109129748052432e+00 -2.048650546156105534e+00
4.104180502904709371e+00 -2.024865096381062379e+00
4.219398080805025764e+00 -2.001230695695492834e+00
4.337850187558989212e+00 -1.977746141840302840e+00
4.459627626819092860e+00 -1.954411860911107635e+00
4.584823751389095925e+00 -1.931225184220671132e+00
4.713534534786909092e+00 -1.908185374000390899e+00
4.845858644816495975e+00 -1.885291951098235330e+00
4.981897519205162439e+00 -1.862542389012159294e+00
5.121755443364241600e+00 -1.839936066526583591e+00
5.265539630332757071e+00 -1.817471612419596427e+00
5.413360302965379844e+00 -1.795146651730164189e+00
5.565330778427647118e+00 -1.772960623714322503e+00
5.721567555063249877e+00 -1.750911333711209439e+00
5.882190401699957327e+00 -1.728996577277867264e+00
6.047322449462647853e+00 -1.707215856975237811e+00
6.217090286163828416e+00 -1.685566221337930992e+00
6.391624053344004075e+00 -1.664045813055972989e+00
6.571057546036271901e+00 -1.642653833901609017e+00
6.755528315331642553e+00 -1.621387057476247451e+00
6.945177773823695944e+00 -1.600244014938109416e+00
7.140151304013399702e+00 -1.579223219601579853e+00
7.340598369757211472e+00 -1.558321703842878048e+00
7.546672630843890950e+00 -1.537538239972454646e+00
7.758532060787835860e+00 -1.516870734338839677e+00
7.976339067929276716e+00 -1.496316544910094137e+00
8.200260619934130801e+00 -1.475874670744838246e+00
8.430468371788970572e+00 -1.455542497028836646e+00
8.667138797389231542e+00 -1.435317734382121735e+00
8.910453324821515864e+00 -1.415199608907045548e+00
9.160598475443707756e+00 -1.395185037621441415e+00
9.417766006869522144e+00 -1.375272278694577910e+00
9.682153059967083308e+00 -1.355460243370711693e+00
9.953962309984236256e+00 -1.335745971764260576e+00
1.023340212191641818e+01 -1.316128125009616179e+00
1.052068671023622848e+01 -1.296605132727659981e+00
1.081603630310709896e+01 -1.277174377134140393e+00
1.111967731120699021e+01 -1.257834815749994561e+00
1.143184250129149682e+01 -1.238584428624883049e+00
1.175277117462945142e+01 -1.219420966463427902e+00
1.208270935044776628e+01 -1.200343634638354251e+00
1.242190995452617486e+01 -1.181350003877704724e+00
1.277063301308644050e+01 -1.162438196551776937e+00
1.312914585212465290e+01 -1.143607624762211561e+00
1.349772330233942519e+01 -1.124855501214607312e+00
1.387664790981308549e+01 -1.106180511521072329e+00
1.426621015260737657e+01 -1.087581641397167509e+00
1.466670866343968527e+01 -1.069056407931113561e+00
1.507845045861051858e+01 -1.050603815812659159e+00
1.550175117335770381e+01 -1.032222440079084036e+00
1.593693530381775325e+01 -1.013910134469822033e+00
1.638433645577983810e+01 -9.956661733853523488e-01
1.684429760042315039e+01 -9.774887527493711925e-01
1.731717133723353896e+01 -9.593760814628143896e-01
1.780332016430113740e+01 -9.413276678338101666e-01
1.830311675620611922e+01 -9.233413528272639281e-01
1.881694424970555701e+01 -9.054157651006807805e-01
1.934519653744045087e+01 -8.875504348478511218e-01
1.988827856988809728e+01 -8.697430699762481732e-01
2.044660666579116537e+01 -8.519927638826705341e-01
2.102060883130158331e+01 -8.342986705199891828e-01
2.161072508808377535e+01 -8.166587879697910779e-01
2.221740781062884551e+01 -7.990725057752148253e-01
2.284112207303824604e+01 -7.815386053939931132e-01
2.348234600554276241e+01 -7.640554168472298846e-01
2.414157116103018907e+01 -7.466225640248193018e-01
2.481930289186255223e+01 -7.292384891039996875e-01
2.551606073727185020e+01 -7.119018587388280528e-01
2.623237882163123658e+01 -6.946125013029104123e-01
2.696880626390692726e+01 -6.773685386911435513e-01
2.772590759860482379e+01 -6.601690800417852056e-01
2.850426320853434703e+01 -6.430138137508606411e-01
2.930446976972142892e+01 -6.259008974484889798e-01
3.012714070881164119e+01 -6.088298176251704108e-01
3.097290667331408542e+01 -5.917999076985407392e-01
3.184241601504653119e+01 -5.748096056953090338e-01
3.273633528715245689e+01 -5.578586615429250717e-01
3.365534975507094373e+01 -5.409460579980895911e-01
3.460016392185110590e+01 -5.240705593251403505e-01
3.557150206821386007e+01 -5.072321150676311063e-01
3.657010880777491479e+01 -4.904293946932382076e-01
3.759674965785467293e+01 -4.736614835060313222e-01
3.865221162631263496e+01 -4.569285082683667842e-01
3.973730381485608376e+01 -4.402288459735421156e-01
4.085285803928563553e+01 -4.235620432614671249e-01
4.199972946715305966e+01 -4.069279444695260151e-01
4.317879727332023521e+01 -3.903251118840476153e-01
4.439096531392171130e+01 -3.737533918641920971e-01
4.563716281924758533e+01 -3.572122889991383166e-01
4.691834510607796460e+01 -3.407006442487740538e-01
4.823549431001467269e+01 -3.242185372619485473e-01
4.958962013837214045e+01 -3.077651433749648002e-01
5.098176064420424325e+01 -2.913396229703729134e-01
5.241298302206058679e+01 -2.749422314587293692e-01
5.388438442608223511e+01 -2.585718494998081596e-01
5.539709281106403438e+01 -2.422279785874027758e-01
5.695226779712825049e+01 -2.259109461896902649e-01
5.855110155867240707e+01 -2.096194516163513433e-01
6.019481973827274146e+01 -1.933534212647034511e-01
6.188468238624385975e+01 -1.771128595158950603e-01
6.362198492657488913e+01 -1.608967022748189202e-01
6.540805914998256299e+01 -1.447051420957580492e-01
6.724427423484249289e+01 -1.285378532323655509e-01
6.913203779678131866e+01 -1.123940620439410065e-01
7.107279696773419175e+01 -9.627416493287065113e-02
7.306803950529503311e+01 -8.017753145317831065e-02
7.511929493320964468e+01 -6.410370251357512539e-02
7.722813571388641662e+01 -4.805323628729998159e-02
7.939617845382279882e+01 -3.202522442451499057e-02
8.162508514287227968e+01 -1.601958798220788627e-02
8.391656442830156948e+01 -3.681918614103323864e-05
8.627237292461450124e+01 1.592402219513633713e-02
8.869431656014708665e+01 3.186264876656525608e-02
9.118425196146571921e+01 4.777888291209327759e-02
9.374408787662996190e+01 6.367341767418444043e-02
9.637578663841088655e+01 7.954571653709513468e-02
9.908136566858671301e+01 9.539592141690249327e-02
1.018628990244687600e+02 1.112244184752078091e-01
1.047225189888434329e+02 1.270304919017866963e-01
1.076624177045493269e+02 1.428145637453301087e-01
1.106848488549411940e+02 1.585767104032143049e-01
1.137921293915315033e+02 1.743160620528672600e-01
1.169866413101306932e+02 1.900332985101408634e-01
1.202708334768511946e+02 2.057280824364138005e-01
1.236472235053714996e+02 2.213997348420541911e-01
1.271183996869028903e+02 2.370488287716346343e-01
1.306870229743346385e+02 2.526747119696005073e-01
1.343558290220826166e+02 2.682770125717139909e-01
1.381276302832009435e+02 2.838560452235141529e-01
1.420053181653683225e+02 2.994109244733560993e-01
1.459918652473978682e+02 3.149415844740914849e-01
1.500903275579736658e+02 3.304480230242843319e-01
1.543038469183564700e+02 3.459291925533364842e-01
1.586356533508589735e+02 3.613852925315603204e-01
1.630890675549332514e+02 3.768160050682677342e-01
1.676675034527699211e+02 3.922201552131561741e-01
1.723744708063619839e+02 4.075981654124503084e-01
1.772135779080358589e+02 4.229492844187240363e-01
1.821885343465167182e+02 4.382726305938518530e-01
1.873031538506436675e+02 4.535684083105176456e-01
1.925613572129198587e+02 4.688355962174188263e-01
1.979671752951332735e+02 4.840736178037068349e-01
2.035247521183577817e+02 4.992824048596914421e-01
2.092383480396976836e+02 5.144607256075209856e-01
2.151123430182167340e+02 5.296082962899922864e-01
2.211512399725488649e+02 5.447247323635636684e-01
2.273596682327717531e+02 5.598086506921738925e-01
2.337423870891815056e+02 5.748600304595145039e-01
2.403042894406969481e+02 5.898781306219167408e-01
2.470504055456825370e+02 6.048615725124045772e-01
2.539859068780726545e+02 6.198104297137092544e-01
2.611161100917459521e+02 6.347235784268135950e-01
2.684464810961962371e+02 6.495999374594173537e-01
2.759826392466180209e+02 6.644393589191830429e-01
2.837303616516211378e+02 6.792404637621288765e-01
2.916955876018795948e+02 6.940024821468945282e-01
2.998844231231027493e+02 7.087249792226687495e-01
3.083031456568277235e+02 7.234063957820040525e-01
3.169582088726115217e+02 7.380462481623968340e-01
3.258562476153226157e+02 7.526437926454130345e-01
3.350040829913132825e+02 7.671973310163853199e-01
3.444087275973823239e+02 7.817066462660158255e-01
3.540773908965269925e+02 7.961706050239556465e-01
3.640174847446141371e+02 8.105876472445519010e-01
3.742366290721980704e+02 8.249575341032766573e-01
3.847426577258505631e+02 8.392788005553363240e-01
3.955436244734701745e+02 8.535501982884226013e-01
4.066478091781858097e+02 8.677712629725782278e-01
4.180637241455758044e+02 8.819403007309134512e-01
4.298001206490798722e+02 8.960563835598343019e-01
4.418659956385941427e+02 9.101187556033728532e-01
4.542705986374043050e+02 9.241255731543048801e-01
4.670234388327335182e+02 9.380762006464695713e-01
4.801342923653450043e+02 9.519695836089683283e-01
4.936132098237916921e+02 9.658037561183100417e-01
5.074705239490465942e+02 9.795783597299019263e-01
5.217168575554348990e+02 9.932919231392389747e-01
5.363631316739240447e+02 1.006942759806698229e+00
5.514205739240302364e+02 1.020530375244837806e+00
5.669007271207433405e+02 1.034053027219925758e+00
5.828154581230845679e+02 1.047509359004610952e+00
5.991769669310618838e+02 1.060898654055768775e+00
6.159977960380168724e+02 1.074218971106928322e+00
6.332908400455114588e+02 1.087469288031579051e+00
6.510693555481461772e+02 1.100648601175989949e+00
6.693469712958660693e+02 1.113754850081811743e+00
6.881376986415669990e+02 1.126787323068363600e+00
7.074559422819878591e+02 1.139744699102396064e+00
7.273165113001454074e+02 1.152624907170322732e+00
7.477346305177587737e+02 1.165427441344861759e+00
7.687259521663728492e+02 1.178150600035105411e+00
7.903065678861347578e+02 1.190792648380141427e+00
8.124930210614047610e+02 1.203352926156021407e+00
8.353023195026778467e+02 1.215829494849663739e+00
8.587519484845170155e+02 1.228220976686385635e+00
8.828598841495149827e+02 1.240526489128029874e+00
9.076446072885356671e+02 1.252743936412379133e+00
9.331251175078249389e+02 1.264872293065188114e+00
9.593209477938240752e+02 1.276910401160499697e+00
9.862521794868783900e+02 1.288856076692944219e+00
1.013939457675291692e+03 1.300708628922695898e+00
1.042404007021556936e+03 1.312466557560157288e+00
1.071667648032863326e+03 1.324127817248282213e+00
1.101752813788387357e+03 1.335691824887377699e+00
1.132682567136153693e+03 1.347156760898093886e+00
1.164480618372686649e+03 1.358520946019919018e+00
1.197171343418966899e+03 1.369783656018042084e+00
1.230779802506664510e+03 1.380942868835143944e+00
1.265331759388942828e+03 1.391997291636321910e+00
1.300853701090570667e+03 1.402945981825596267e+00
1.337372858212496340e+03 1.413786805593873819e+00
1.374917225806419083e+03 1.424518844569718556e+00
1.413515584835395657e+03 1.435140901256635848e+00
1.453197524236895333e+03 1.445650784342624062e+00
1.493993463605257830e+03 1.456047935883035604e+00
1.535934676510896907e+03 1.466330800727291050e+00
1.579053314474175750e+03 1.476497477801594682e+00
1.623382431612278197e+03 1.486547422332739066e+00
1.668956009978024895e+03 1.496478826227823689e+00
1.715808985610004811e+03 1.506290185601231624e+00
1.763977275314045301e+03 1.515980838473315773e+00
1.813497804196495281e+03 1.525548807022547138e+00
1.864408533970487042e+03 1.534993008463427788e+00
1.916748492056814939e+03 1.544312569665469148e+00
1.970557801501800441e+03 1.553505451518995661e+00
2.025877711735017101e+03 1.562570972371679190e+00
2.082750630190514130e+03 1.571508018025903120e+00
2.141220154815729529e+03 1.580314557233504003e+00
2.201331107493030231e+03 1.588990267472641271e+00
2.263129568399529489e+03 1.597533686279520415e+00
2.326662911331457963e+03 1.605943194226270521e+00
2.391979840020239862e+03 1.614218425389915446e+00
2.459130425468043995e+03 1.622357722906340838e+00
2.528166144331500618e+03 1.630359901318455540e+00
2.599139918382933047e+03 1.638224497588980366e+00
2.672106155079435212e+03 1.645949728479470409e+00
2.747120789270811656e+03 1.653534864198499932e+00
2.824241326078435577e+03 1.660979245609455868e+00
2.903526884977814007e+03 1.668281076935400620e+00
2.985038245118732448e+03 1.675440059240909330e+00
3.068837891917642082e+03 1.682455281037781081e+00
3.154990064958088624e+03 1.689325111236479326e+00
3.243560807235811353e+03 1.696049522948972932e+00
3.334618015786362776e+03 1.702627327020811876e+00
3.428231493733970638e+03 1.709057338329718956e+00
3.524473003801584127e+03 1.715339521945491663e+00
3.623416323323149754e+03 1.721472525661099429e+00
3.725137300800209687e+03 1.727455639276038069e+00
3.829713914046280934e+03 1.733288744471059406e+00
3.937226329963479202e+03 1.738970415786362356e+00
4.047756965997322368e+03 1.744500429730260649e+00
4.161390553316707155e+03 1.749878494861166089e+00
4.278214201767616942e+03 1.755103216737032179e+00
4.398317466650223651e+03 1.760174833465137700e+00
4.521792417370702424e+03 1.765092792715389880e+00
4.648733708020256927e+03 1.769856021141528180e+00
4.779238649935599824e+03 1.774464941621208602e+00
4.913407286296362145e+03 1.778918795151038568e+00
5.051342468816766086e+03 1.783216988118144330e+00
5.193149936590211837e+03 1.787359969437604557e+00
5.338938397147355317e+03 1.791346848261891056e+00
5.488819609789671631e+03 1.795177548174772264e+00
5.642908471262536295e+03 1.798852438949390287e+00
5.801323103833378809e+03 1.802370616107516144e+00
5.964184945842459456e+03 1.805732513378954573e+00
6.131618844795774748e+03 1.808938356524897539e+00
6.303753153071274937e+03 1.811987304910866792e+00
6.480719826311970792e+03 1.814880284682969913e+00
6.662654524581149417e+03 1.817617248997850155e+00
6.849696716357447258e+03 1.820197831857117698e+00
7.041989785449288320e+03 1.822623051680932305e+00
7.239681140910876820e+03 1.824892723687317586e+00
7.442922330043757938e+03 1.827006991427984062e+00
7.651869154570825231e+03 1.828966926611321986e+00
7.866681790071582327e+03 1.830772241328224803e+00
8.087524908770456932e+03 1.832423633411597530e+00
8.314567805772063366e+03 1.833922092711892882e+00
8.547984528840413986e+03 1.835267373344159569e+00
8.787954011821319000e+03 1.836460699676548680e+00
9.034660211810534747e+03 1.837502908437642857e+00
9.288292250172498825e+03 1.838393943548074727e+00
9.549044557518078364e+03 1.839135445320013273e+00
9.817117022752194316e+03 1.839728026670985672e+00
1.009271514630571801e+04 1.840172151283057111e+00
1.037605019766911755e+04 1.840469553335745800e+00
1.066733937734857136e+04 1.840620734817584037e+00
1.096680598336867479e+04 1.840626693124073787e+00
1.127467958244947295e+04 1.840489229072219679e+00
1.159119618598885791e+04 1.840208767977449700e+00
1.191659843098558849e+04 1.839786888054934177e+00
1.225113576604117770e+04 1.839225298110412021e+00
1.259506464258358938e+04 1.838524511575027720e+00
1.294864871145904908e+04 1.837686641264075771e+00
1.331215902504307633e+04 1.836713217496979134e+00
1.368587424502517752e+04 1.835605082998956306e+00
1.407008085602686515e+04 1.834364658421797634e+00
1.446507338521647216e+04 1.832993305010292673e+00
1.487115462808953816e+04 1.831492399034148733e+00
1.528863588058729511e+04 1.829864468170482095e+00
1.571783717773161152e+04 1.828110774058405497e+00
1.615908753895919108e+04 1.826233246384084463e+00
1.661272522034293070e+04 1.824234465769739355e+00
1.707909797389426967e+04 1.822115650874190029e+00
1.755856331414467058e+04 1.819879318315136940e+00
1.805148879221110110e+04 1.817527950524665314e+00
1.855825227755518790e+04 1.815062876184516671e+00
1.907924224765265171e+04 1.812487149125736607e+00
1.961485808579429431e+04 1.809803037786295477e+00
2.016551038724748651e+04 1.807012329368368864e+00
2.073162127401231191e+04 1.804118267177918344e+00
2.131362471841437582e+04 1.801122994971101177e+00
2.191196687578147248e+04 1.798028836686905274e+00
2.252710642645982807e+04 1.794839145122008039e+00
2.315951492743154449e+04 1.791555964545066493e+00
2.380967717380358226e+04 1.788182186604435620e+00
2.447809157044440144e+04 1.784721173069096167e+00
2.516527051405388920e+04 1.781174964524987914e+00
2.587174078595923856e+04 1.777547021730134347e+00
2.659804395593758454e+04 1.773840586761898486e+00
2.734473679737579732e+04 1.770057848536488176e+00
2.811239171408461334e+04 1.766202751641898550e+00
2.890159717909511528e+04 1.762278302147955777e+00
2.971295818577334285e+04 1.758287214432805223e+00
3.054709671159967911e+04 1.754233530802865149e+00
3.140465219496748978e+04 1.750120142953434321e+00
3.228628202536733443e+04 1.745950285099265642e+00
3.319266204733189807e+04 1.741728089798600720e+00
3.412448707852889493e+04 1.737456327301701409e+00
3.508247144239788759e+04 1.733138791155706349e+00
3.606734951574031584e+04 1.728779549543051131e+00
3.707987629168172134e+04 1.724381385127411237e+00
3.812082795843888016e+04 1.719948612113419539e+00
3.919100249433401768e+04 1.715485100255124795e+00
4.029122027951351629e+04 1.710993863170013229e+00
4.142232472483898164e+04 1.706479530579054105e+00
4.258518291843414772e+04 1.701945727222794691e+00
4.378068629038166546e+04 1.697395938297648010e+00
4.500975129608041607e+04 1.692834832554277247e+00
4.627332011878693447e+04 1.688265856113108088e+00
4.757236139187889785e+04 1.683692946346053043e+00
4.890787094139590045e+04 1.679120785846534458e+00
5.028087254942474829e+04 1.674552622241281874e+00
5.169241873891603609e+04 1.669992882671987866e+00
5.314359158053241117e+04 1.665446047382953321e+00
5.463550352214875602e+04 1.660915327085320969e+00
5.616929824163804005e+04 1.656405551282470245e+00
5.774615152359825879e+04 1.651920850692516263e+00
5.936727216069126007e+04 1.647464674192522072e+00
6.103390288028620853e+04 1.643041919906745196e+00
6.274732129711574817e+04 1.638656383109336812e+00
6.450884089267699164e+04 1.634311845554233145e+00
6.631981202212675998e+04 1.630013097980633541e+00
6.818162294944479072e+04 1.625763602065683378e+00
7.009570091165618214e+04 1.621567441406082999e+00
7.206351321293045476e+04 1.617429215696764899e+00
7.408656834939567489e+04 1.613352045578930527e+00
7.616641716552892467e+04 1.609340314572954567e+00
7.830465404301183298e+04 1.605398210850685015e+00
8.050291812295973068e+04 1.601528638384929204e+00
8.276289456246352347e+04 1.597736173828728790e+00
8.508631582640581473e+04 1.594024405197671523e+00
8.747496301554415550e+04 1.590396383806823799e+00
8.993066723187614116e+04 1.586856412621227674e+00
9.245531098233579542e+04 1.583407561410641762e+00
9.505082962189511454e+04 1.580052987164220601e+00
9.771921283717996266e+04 1.576796654785284746e+00
1.004625061717340286e+05 1.573641066429046775e+00
1.032828125941029575e+05 1.570589463824655807e+00
1.061822941099384625e+05 1.567645328645393077e+00
1.091631734193614684e+05 1.564810639522710378e+00
1.122277356208507117e+05 1.562088683127913935e+00
1.153783299629659596e+05 1.559482256638482056e+00
1.186173716452479130e+05 1.556993002031767714e+00
1.219473436696738354e+05 1.554624058766188588e+00
1.253707987440919678e+05 1.552377434135141510e+00
1.288903612390891503e+05 1.550254712288617220e+00
1.325087291997953726e+05 1.548258538929888850e+00
1.362286764141646854e+05 1.546390206340944040e+00
1.400530545393219800e+05 1.544651213986188543e+00
1.439847952876006602e+05 1.543043689961835829e+00
1.480269126739510102e+05 1.541568190503307401e+00
1.521825053264386952e+05 1.540226163395983727e+00
1.564547588616095891e+05 1.539019053591906605e+00
1.608469483265355229e+05 1.537946822349350873e+00
1.653624407094182097e+05 1.537010829344335860e+00
1.700046975206718198e+05 1.536211694839573871e+00
1.747772774464680697e+05 1.535549083817413729e+00
1.796838390767719247e+05 1.535024018848141436e+00
1.847281437099635950e+05 1.534636321473624943e+00
1.899140582361935521e+05 1.534385566406777146e+00
1.952455581016860961e+05 1.534272267899303266e+00
2.007267303562568268e+05 1.534295535324315063e+00
2.063617767863856570e+05 1.534454880278392164e+00
2.121550171362452384e+05 1.534750337280910371e+00
2.181108924191519909e+05 1.535180337048315469e+00
2.242339683219845174e+05 1.535744432343082000e+00
2.305289387051706144e+05 1.536442007241709762e+00
2.370006292009330355e+05 1.537271061638889602e+00
2.436540009125466167e+05 1.538231162916023465e+00
2.504941542174502392e+05 1.539320965349707526e+00
2.575263326771198772e+05 1.540538445772486886e+00
2.647559270567069179e+05 1.541882873531862375e+00
2.721884794575179694e+05 1.543352319091320535e+00
2.798296875655115582e+05 1.544944853777796556e+00
2.876854090190591523e+05 1.546659432954632596e+00
2.957616658993256860e+05 1.548493617723464499e+00
3.040646493467068649e+05 1.550445645846227238e+00
3.126007243068703683e+05 1.552514154000388613e+00
3.213764344100275775e+05 1.554696303888674747e+00
3.303985069871855085e+05 1.556990584409258860e+00
3.396738582272209460e+05 1.559395190550456611e+00
3.492095984787271591e+05 1.561907146081598308e+00
3.590130377007068601e+05 1.564525132081042269e+00
3.690916910662774462e+05 1.567246844648370496e+00
3.794532847236942034e+05 1.570069586000625073e+00
3.901057617190993042e+05 1.572991903956532544e+00
4.010572880855496041e+05 1.576011162585468917e+00
4.123162591029748437e+05 1.579124984069602888e+00
4.238913057338782819e+05 1.582331823772399115e+00
4.357913012397029670e+05 1.585628752227415506e+00
4.480253679829489556e+05 1.589013788789072734e+00
4.606028844202398323e+05 1.592485213574256431e+00
4.735334922917120857e+05 1.596039955823066681e+00
4.868271040122283739e+05 1.599676456377959743e+00
5.004939102700953372e+05 1.603392695618457431e+00
5.145443878390924656e+05 1.607185763599403350e+00
5.289893076098145684e+05 1.611054337762405586e+00
5.438397428464801051e+05 1.614996100232125142e+00
5.591070776755292900e+05 1.619008570849992168e+00
5.748030158125350717e+05 1.623090436851736262e+00
5.909395895340964198e+05 1.627239182702056475e+00
6.075291689016077435e+05 1.631452774575378406e+00
6.245844712439618306e+05 1.635729924668377411e+00
6.421185709064757684e+05 1.640067933042782977e+00
6.601449092734883307e+05 1.644465284094388968e+00
6.786773050723301712e+05 1.648920547148541083e+00
6.977299649665538454e+05 1.653431026072361476e+00
7.173174944465612061e+05 1.657995684009176962e+00
7.374549090259546647e+05 1.662612818594586761e+00
7.581576457522117998e+05 1.667280081454338037e+00
7.794415750404951395e+05 1.671996604267720565e+00
8.013230128396886867e+05 1.676760476670391187e+00
8.238187331399600953e+05 1.681569823460815183e+00
8.469459808314593975e+05 1.686423823055923643e+00
8.707224849239921896e+05 1.691320399199437885e+00
8.951664721378301037e+05 1.696258157612961393e+00
9.202966808760409476e+05 1.701236295732377224e+00
9.461323755890759639e+05 1.706252596219829831e+00
9.726933615426179022e+05 1.711306196984847983e+00
1.000000000000000000e+06 1.716396125404078044e+00
