1.000000000000000000e+00 -2.378309546482697989e+00
1.023326701264995586e+00 -2.351353206124907391e+00
1.047197537521897592e+00 -2.324589668626920513e+00
1.071625201645109993e+00 -2.298018228669415297e+00
1.096622682591926079e+00 -2.271638049263426051e+00
1.122203272309166167e+00 -2.245448147467214994e+00
1.148380572800922428e+00 -2.219447435511566979e+00
1.175168503361174288e+00 -2.193634743836256895e+00
1.202581307975112423e+00 -2.168008776857597297e+00
1.230633562893115540e+00 -2.142568815875482979e+00
1.259340184381400496e+00 -2.117312553014087051e+00
1.288716436653469799e+00 -2.092238331859058054e+00
1.318777939986574887e+00 -2.067344382430115868e+00
1.349540679027508183e+00 -2.042628811799680477e+00
1.381021011292142164e+00 -2.018089652038348003e+00
1.413235675863236063e+00 -1.993724874814395864e+00
1.446201802291132044e+00 -1.969532407244879879e+00
1.479936919702075526e+00 -1.945510634438524900e+00
1.514458966119003547e+00 -1.921656584959997804e+00
1.549786297999755647e+00 -1.897967912893165021e+00
1.585937699997779449e+00 -1.874442210520652408e+00
1.622932394950521884e+00 -1.851077004011091542e+00
1.660790054100816704e+00 -1.827869805638752787e+00
1.699530807556702383e+00 -1.804818122929630508e+00
1.739175254995234177e+00 -1.781919527087570954e+00
1.779744476615980675e+00 -1.759171967312603835e+00
1.821260044350027751e+00 -1.736572291439500759e+00
1.863744033330453576e+00 -1.714117973991899690e+00
1.907219033630370930e+00 -1.691806503359964298e+00
1.951708162274780278e+00 -1.669635380009992343e+00
1.997235075532617810e+00 -1.647602168405463141e+00
2.043823981495537900e+00 -1.625704499922146606e+00
2.091499652950118193e+00 -1.603940183631395788e+00
2.140287440550328046e+00 -1.582307343777176634e+00
2.190213286297267192e+00 -1.560803251988775786e+00
2.241303737333347978e+00 -1.539425807054721318e+00
2.293585960058241113e+00 -1.518172990123996424e+00
2.347087754574107787e+00 -1.497042859791535951e+00
2.401837569467787592e+00 -1.476033598764441290e+00
2.457864516937805721e+00 -1.455143506686892296e+00
2.515198388274246799e+00 -1.434371142452378400e+00
2.573869669699718532e+00 -1.413715296816651312e+00
2.633909558579837107e+00 -1.393174108514943832e+00
2.695349980011845226e+00 -1.372746305199411987e+00
2.758223603800193491e+00 -1.352430719702892414e+00
2.822563861828100151e+00 -1.332226277668508096e+00
2.888404965834336924e+00 -1.312132036441447269e+00
2.955781925604684002e+00 -1.292147165295269851e+00
3.024730567587738062e+00 -1.272271112200586529e+00
3.095287553944958248e+00 -1.252503427670574654e+00
3.167490402045090914e+00 -1.232843138372224256e+00
3.241377504413337718e+00 -1.213289765981109714e+00
3.316988149145864817e+00 -1.193842901235973697e+00
3.394362540800521355e+00 -1.174502185148253330e+00
3.473541821774866811e+00 -1.155267343125296664e+00
3.554568094182876781e+00 -1.136138154940204092e+00
3.637484442241965876e+00 -1.117114645312269783e+00
3.722334955182213356e+00 -1.098196780559285157e+00
3.809164750689999934e+00 -1.079384077196622105e+00
3.898019998898497374e+00 -1.060676422699318611e+00
3.988947946937781097e+00 -1.042073708195155213e+00
4.081996944057615373e+00 -1.023575808888345984e+00
4.177216467336273276e+00 -1.005182620385419723e+00
4.274657147989046280e+00 -9.868940238797766495e-01
4.374370798290465601e+00 -9.687101038310647061e-01
4.476410439124507867e+00 -9.506307395740586363e-01
4.580830328177473376e+00 -9.326554283555907876e-01
4.687685988788500957e+00 -9.147839333355883840e-01
4.797034239473075168e+00 -8.970159751062379838e-01
4.908933224135219042e+00 -8.793512167924780742e-01
5.023442442984433320e+00 -8.617893070285588264e-01
5.140622784173831228e+00 -8.443298438280257834e-01
5.260536556176284684e+00 -8.269726204616423271e-01
5.383247520915797502e+00 -8.097171296559544373e-01
5.508820927671727929e+00 -7.925625767655376519e-01
5.637323547773882559e+00 -7.755083760966158257e-01
5.768823710106929070e+00 -7.585538963853489802e-01
5.903391337443017584e+00 -7.416984514324899136e-01
6.041097983621914302e+00 -7.249413478493118568e-01
6.182016871598429830e+00 -7.082818461438082913e-01
6.326222932377369546e+00 -6.917194312416943269e-01
6.473792844856699702e+00 -6.752532401222999248e-01
6.624805076600138065e+00 -6.588822377249032858e-01
6.779339925560816660e+00 -6.426055766227498633e-01
6.937479562778231745e+00 -6.264223881148927031e-01
7.099308076071172202e+00 -6.103317742445935057e-01
7.264911514749855748e+00 -5.943328571883165212e-01
7.434377935371050405e+00 -5.784247321693264388e-01
7.607797448560526199e+00 -5.626067574253524883e-01
7.785262266927693631e+00 -5.468779129686790474e-01
7.966866754097958747e+00 -5.312371131530153612e-01
8.152707474888828187e+00 -5.156834445134831357e-01
8.342883246656457530e+00 -5.002159935615769770e-01
8.537495191839946429e+00 -4.848338374974634490e-01
8.736646791731333295e+00 -4.695360929960405993e-01
8.940443941499832903e+00 -4.543218590780891963e-01
9.148995006499641036e+00 -4.391905228363944813e-01
9.362410879891195137e+00 -4.241410578506972229e-01
9.580805041606561545e+00 -4.091724538098138186e-01
9.804293618690282486e+00 -3.942838477844458067e-01
1.003299544704777091e+01 -3.794743843564024055e-01
1.026703213463411934e+01 -3.647432043427440429e-01
1.050652812611683729e+01 -3.500894941764574608e-01
1.075161076904703705e+01 -3.355124203218458057e-01
1.100241038157411033e+01 -3.210114492648822315e-01
1.125906032173997318e+01 -3.065855941611314028e-01
1.152169705838977087e+01 -2.922339500360524589e-01
1.179046024373660551e+01 -2.779557277698898599e-01
1.206549278761905875e+01 -2.637501490944035298e-01
1.234694093349080646e+01 -2.496164318782475577e-01
1.263495433618288999e+01 -2.355538413088950345e-01
1.292968614147989292e+01 -2.215616184316175907e-01
1.323129306755234502e+01 -2.076393129723995423e-01
1.353993548828874971e+01 -1.937859852197219568e-01
1.385577751857137230e+01 -1.800008349260993346e-01
1.417898710154133290e+01 -1.662831510027023008e-01
1.450973609789921071e+01 -1.526322347158294568e-01
1.484820037728882447e+01 -1.390473886442804563e-01
1.519455991181264132e+01 -1.255279595657166625e-01
1.554899887172856943e+01 -1.120732711792307157e-01
1.591170572337914102e+01 -9.868296340686841250e-02
1.628287332940492504e+01 -8.535615490443755615e-02
1.666269905129571427e+01 -7.209215528177786991e-02
1.705138485433381845e+01 -5.889034174571437796e-02
1.744913741498533000e+01 -4.575010330803479935e-02
1.785616823079655902e+01 -3.267083646617503084e-02
1.827269373285384901e+01 -1.965197650066703716e-02
1.869893540086689399e+01 -6.692938007953798916e-03
1.913511988093636518e+01 6.206543047669796191e-03
1.958147910606884068e+01 1.904728234077535109e-02
2.003825041950286945e+01 3.182985907685412230e-02
2.050567670091178130e+01 4.455480547622156506e-02
2.098400649555053832e+01 5.722264268781405289e-02
2.147349414641496779e+01 6.983388171964505231e-02
2.197439992948402931e+01 8.238900014278112416e-02
2.248699019211663597e+01 9.488849479408650867e-02
2.301153749467702525e+01 1.073325372676835338e-01
2.354832075546360670e+01 1.197218817287788034e-01
2.409762539901859668e+01 1.320570034866249132e-01
2.465974350789728220e+01 1.443383505478461337e-01
2.523497397797741115e+01 1.565663607992004158e-01
2.582362267739162576e+01 1.687414606032275888e-01
2.642600260916711363e+01 1.808640483942046406e-01
2.704243407765914498e+01 1.929345319527622782e-01
2.767324485886704366e+01 2.049530198338387066e-01
2.831877037472290581e+01 2.169201915639132894e-01
2.897935387144608299e+01 2.288364347194960513e-01
2.965534660205789308e+01 2.407021212156921219e-01
3.034710801315399564e+01 2.525176136306316876e-01
3.105500593603340320e+01 2.642832622982456692e-01
3.177941678228591016e+01 2.759993946532147135e-01
3.252072574394209425e+01 2.876663282932030996e-01
3.327932699829187868e+01 2.992841450861682961e-01
3.405562391748114237e+01 3.108534300824026819e-01
3.485002928299726221e+01 3.223745021195839056e-01
3.566296550515807695e+01 3.338476659567859439e-01
3.649486484772075556e+01 3.452732176669614517e-01
3.734616965772991648e+01 3.566514413286027141e-01
3.821733260072763727e+01 3.679826024242291993e-01
3.910881690144978506e+01 3.792669395698445856e-01
4.002109659013732568e+01 3.905045140653169988e-01
4.095465675459298183e+01 4.016958293235444177e-01
4.190999379811780301e+01 4.128411450159232832e-01
4.288761570346432705e+01 4.239407090126378619e-01
4.388804230294696396e+01 4.349947604777346655e-01
4.491180555485330927e+01 4.460035281590246092e-01
4.595944982630293651e+01 4.569672251782160854e-01
4.703153218270465175e+01 4.678860226734991579e-01
4.812862268396564502e+01 4.787599683380167059e-01
4.925130468761019387e+01 4.895894963287795720e-01
5.040017515896936828e+01 5.003748166454902169e-01
5.157584498860608591e+01 5.111161302359569225e-01
5.277893931714503850e+01 5.218136287978324406e-01
5.401009786767939858e+01 5.324674961590365463e-01
5.526997528593192754e+01 5.430779022236773557e-01
5.655924148835056542e+01 5.536449615292670101e-01
5.787858201832405314e+01 5.641687151529125588e-01
5.922869841070706087e+01 5.746495395028463626e-01
6.061030856484813256e+01 5.850876042437086477e-01
6.202414712631956917e+01 5.954830724364562622e-01
6.347096587755135033e+01 6.058360979992086781e-01
6.495153413757770977e+01 6.161468299340933097e-01
6.646663917110817010e+01 6.264154037529604535e-01
6.801708660714085397e+01 6.366418878647478463e-01
6.960370086734097583e+01 6.468263238721646546e-01
7.122732560441154703e+01 6.569690412910127453e-01
7.288882415069021192e+01 6.670701782657874057e-01
7.458907997721017580e+01 6.771298692592829793e-01
7.632899716346940977e+01 6.871482391478759277e-01
7.810950087815838572e+01 6.971254118441182479e-01
7.993153787110108510e+01 7.070614967717512300e-01
8.179607697667196931e+01 7.169565259155549208e-01
8.370410962895536500e+01 7.268105482423066199e-01
8.565665038892242933e+01 7.366238562513177657e-01
8.765473748390500930e+01 7.463965647031202133e-01
8.969943335965366771e+01 7.561287880977096698e-01
9.179182524527371356e+01 7.658206303441009721e-01
9.393302573133887279e+01 7.754721992941094877e-01
9.612417336149098901e+01 7.850835859877683953e-01
9.836643323783911796e+01 7.946547949046833814e-01
1.006609976404813125e+02 8.041858889200820260e-01
1.030090866614772835e+02 8.136771325712138792e-01
1.054119488536096299e+02 8.231286248777713865e-01
1.078708618942787041e+02 8.325404685119038861e-01
1.103871332648841843e+02 8.419127540291093670e-01
1.129621009460534253e+02 8.512455816120277907e-01
1.155971341290882037e+02 8.605390311820124705e-01
1.182936339440071123e+02 8.697930878983767267e-01
1.210530342045697552e+02 8.790078347635925660e-01
1.238768021706810742e+02 8.881835165596978499e-01
1.267664393285794233e+02 8.973202236719496350e-01
1.297234821892244270e+02 9.064180543857466299e-01
1.327495031053074968e+02 9.154770936965512806e-01
1.358461111073215193e+02 9.244974394117725369e-01
1.390149527591334504e+02 9.334791692026831456e-01
1.422577130335132551e+02 9.424222554850378852e-01
1.455761162080875408e+02 9.513268075442508076e-01
1.489719267821917867e+02 9.601930565865851586e-01
1.524469504151108197e+02 9.690210919419441904e-01
1.560030348862037499e+02 9.778110140741979039e-01
1.596420710774268059e+02 9.865629092346571705e-01
1.633659939787751796e+02 9.952768784846643957e-01
1.671767837171771873e+02 1.003953004458101761e+00
1.710764666093906214e+02 1.012591253035617367e+00
1.750671162394587554e+02 1.021191765600624857e+00
1.791508545613009176e+02 1.029754765513150261e+00
1.833298530270211302e+02 1.038280346946073962e+00
1.876063337415378669e+02 1.046768619748503326e+00
1.919825706441478417e+02 1.055219676872388490e+00
1.964608907176498462e+02 1.063633628177905299e+00
2.010436752256754858e+02 1.072010567039345830e+00
2.057333609788814499e+02 1.080350458375607392e+00
2.105324416306793864e+02 1.088653480607433277e+00
2.154434690031884543e+02 1.096919854492615531e+00
2.204690544441200188e+02 1.105149684994899628e+00
2.256118702153141271e+02 1.113343096111801600e+00
2.308746509136637712e+02 1.121500193049531857e+00
2.362601949251867950e+02 1.129621098924310507e+00
2.417713659130163251e+02 1.137705922885727583e+00
2.474110943400992824e+02 1.145754633559977087e+00
2.531823790274164878e+02 1.153767451109692033e+00
2.590882887485497577e+02 1.161744596984179090e+00
2.651319638614461951e+02 1.169686193472366131e+00
2.713166179782438121e+02 1.177592382088443967e+00
2.776455396740510650e+02 1.185463285060155192e+00
2.841220942355861894e+02 1.193299042313323177e+00
2.907497254506047852e+02 1.201099782973757302e+00
2.975319574390705952e+02 1.208865483039879507e+00
3.044723965270409849e+02 1.216596408304975840e+00
3.115747331642646145e+02 1.224292783378954752e+00
3.188427438865082308e+02 1.231954753234954403e+00
3.262802933236600893e+02 1.239582479735400700e+00
3.338913362546763892e+02 1.247176105095017418e+00
3.416799197104595009e+02 1.254735788794186124e+00
3.496501851257932003e+02 1.262261683028892856e+00
3.578063705414727451e+02 1.269753773608749858e+00
3.661528128578061114e+02 1.277212374427137975e+00
3.746939501406781119e+02 1.284637716128421703e+00
3.834343239814105573e+02 1.292029969126313960e+00
3.923785819116706080e+02 1.299389317961666457e+00
4.015314798747068608e+02 1.306715926359567348e+00
4.108978847542358608e+02 1.314009975197363955e+00
4.204827769623162226e+02 1.321271641672404851e+00
4.302912530875921107e+02 1.328500922570098330e+00
4.403285286053070990e+02 1.335698181363452308e+00
4.505999406505378602e+02 1.342863656457636390e+00
4.611109508561178814e+02 1.349997545346582672e+00
4.718671482567567068e+02 1.357100056015422052e+00
4.828742522609076673e+02 1.364171373882961280e+00
4.941381156919555906e+02 1.371211701922917747e+00
5.056647279003498738e+02 1.378221242879247521e+00
5.174602179483267719e+02 1.385200003847400163e+00
5.295308578689265460e+02 1.392148398409750687e+00
5.418830660010320344e+02 1.399066672988763527e+00
5.545234104021981238e+02 1.405955052165896113e+00
5.674586123410969094e+02 1.412813766786304326e+00
5.806955498714262376e+02 1.419643022547885991e+00
5.942412614891895828e+02 1.426443044062126519e+00
6.081029498752822064e+02 1.433214059324124046e+00
6.222879857253850560e+02 1.439956081521751585e+00
6.368039116691971913e+02 1.446669575760725968e+00
6.516584462810853893e+02 1.453354794667467864e+00
6.668594881842949462e+02 1.460011988392289295e+00
6.824151202508980987e+02 1.466641408679658198e+00
6.983336138997070748e+02 1.473243278732734529e+00
7.146234334944505235e+02 1.479817843076426609e+00
7.312932408445404917e+02 1.486365341298487630e+00
7.483518998108318101e+02 1.492885822293629428e+00
7.658084810188112215e+02 1.499379767400452090e+00
7.836722666817365734e+02 1.505847443798526974e+00
8.019527555362836893e+02 1.512289123943998836e+00
8.206596678933188969e+02 1.518705077462215725e+00
8.398029508064970514e+02 1.525095540447926279e+00
8.593927833614213796e+02 1.531460774349230780e+00
8.794395820881866257e+02 1.537801023194973693e+00
8.999540065001706353e+02 1.544116375661193974e+00
9.209469647620353498e+02 1.550407316877732367e+00
9.424296194899441161e+02 1.556674127403597785e+00
9.644133936870698562e+02 1.562917097674697775e+00
9.869099768175690315e+02 1.569136510460714229e+00
1.009931331022235440e+03 1.575332609687932317e+00
1.033489697479150891e+03 1.581505669382165191e+00
1.057597602912697994e+03 1.587655932370330314e+00
1.082267866254417186e+03 1.593783522277071762e+00
1.107513605459238534e+03 1.599888922335977126e+00
1.133348244480704807e+03 1.605972421432030783e+00
1.159785520408913726e+03 1.612034322788614249e+00
1.186839490774959131e+03 1.618074916110306960e+00
1.214524541025766439e+03 1.624094447678080089e+00
1.242855392173280734e+03 1.630093198423374856e+00
1.271847108622094993e+03 1.636071403363418053e+00
1.301515106179671420e+03 1.642029215500352413e+00
1.331875160253403919e+03 1.647967109335728653e+00
1.362943414238903642e+03 1.653885376605099156e+00
1.394736388103946865e+03 1.659784325803025151e+00
1.427270987172666992e+03 1.665664248694859850e+00
1.460564511114639572e+03 1.671525387114544570e+00
1.494634663143664056e+03 1.677368022735093112e+00
1.529499559431124226e+03 1.683192375947301755e+00
1.565177738738917014e+03 1.688998623364494245e+00
1.601688172277101557e+03 1.694787223561411427e+00
1.639050273791485097e+03 1.700558465444243383e+00
1.677283909886528818e+03 1.706312655106211551e+00
1.716409410589036270e+03 1.712050081216238695e+00
1.756447580158272558e+03 1.717770974755422841e+00
1.797419708148249583e+03 1.723475611636218430e+00
1.839347580728039929e+03 1.729164190992377614e+00
1.882253492266173907e+03 1.734836907220724145e+00
1.926160257185262253e+03 1.740494195843101721e+00
1.971091222093130682e+03 1.746136336534201083e+00
2.017070278196952813e+03 1.751763627405182877e+00
2.064121874006953476e+03 1.757376346890763052e+00
2.112271028336457221e+03 1.762974709950958729e+00
2.161543343605167138e+03 1.768558980449869145e+00
2.211965019452783054e+03 1.774129330322696818e+00
2.263562866670179119e+03 1.779685966350170734e+00
2.316364321455532263e+03 1.785229294822789914e+00
2.370397460003020569e+03 1.790759580317762056e+00
2.425691013431813644e+03 1.796277108448130377e+00
2.482274383063322603e+03 1.801782140908928076e+00
2.540177656054792806e+03 1.807274872669150989e+00
2.599431621397598065e+03 1.812755550260755744e+00
2.660067786288723710e+03 1.818224313650227852e+00
2.722118392884119658e+03 1.823681377462242237e+00
2.785616435442878355e+03 1.829127113967113250e+00
2.850595677871314365e+03 1.834561767574860225e+00
2.917090671676307011e+03 1.839985608060580091e+00
2.985136774337406678e+03 1.845398874333854744e+00
3.054770168107525933e+03 1.850801738862829726e+00
3.126027879252191269e+03 1.856194426506416528e+00
3.198947797737555902e+03 1.861577041594854487e+00
3.273568697377696481e+03 1.866949803030848454e+00
3.349930256451864352e+03 1.872313045800789277e+00
3.428073078802688087e+03 1.877666990267993885e+00
3.508038715426493582e+03 1.883011888006571155e+00
3.589869686567283679e+03 1.888347951318128271e+00
3.673609504326103433e+03 1.893675328381235978e+00
3.759302695797768138e+03 1.898994219920796755e+00
3.846994826747336447e+03 1.904304692540238930e+00
3.936732525838852325e+03 1.909606967444571479e+00
4.028563509429287933e+03 1.914901340854996414e+00
4.122536606940808269e+03 1.920188006690980220e+00
4.218701786824922237e+03 1.925467197437047195e+00
4.317110183132292150e+03 1.930739096552979817e+00
4.417814122702290661e+03 1.936003827342241079e+00
4.520867152986842484e+03 1.941261565313357140e+00
4.626324070523299270e+03 1.946512338452139890e+00
4.734240950071455700e+03 1.951756369383948586e+00
4.844675174430283732e+03 1.956993915320962341e+00
4.957685464950155620e+03 1.962225143018508700e+00
5.073331912756860220e+03 1.967450265386171404e+00
5.191676010703909924e+03 1.972669436276784261e+00
5.312780686070240336e+03 1.977882754728607084e+00
5.436710334020641312e+03 1.983090371237572702e+00
5.563530851846656333e+03 1.988292275570306966e+00
5.693309674006271962e+03 1.993488692313803767e+00
5.826115807980922000e+03 1.998679840556000675e+00
5.962019870968963005e+03 2.003865861699692275e+00
6.101094127435025257e+03 2.009046947879626455e+00
6.243412527535317167e+03 2.014223225705236597e+00
6.389050746439266732e+03 2.019394771247192022e+00
6.538086224568354737e+03 2.024561711358525251e+00
6.690598208773645638e+03 2.029723999048964167e+00
6.846667794473817594e+03 2.034881862369945171e+00
7.006377968776177113e+03 2.040035483946479822e+00
7.169813654603468422e+03 2.045184981625484788e+00
7.337061755850084410e+03 2.050330528579880518e+00
7.508211203591626145e+03 2.055472224808722714e+00
7.683353003372302737e+03 2.060610125963881156e+00
7.862580283595478249e+03 2.065744337153137877e+00
8.045988345042948822e+03 2.070874776606651757e+00
8.233674711549403582e+03 2.076001677919672161e+00
8.425739181858869415e+03 2.081125189478319815e+00
8.622283882690853716e+03 2.086245407956194953e+00
8.823413323044371282e+03 2.091362490325758383e+00
9.029234449768611739e+03 2.096476511168518186e+00
9.239856704429974343e+03 2.101587509015383937e+00
9.455392081505573515e+03 2.106695569834551751e+00
9.675955187934261630e+03 2.111800579725827465e+00
9.901663304056692141e+03 2.116902780499570813e+00
1.013263644597698476e+04 2.122002289020638699e+00
1.036899742937909832e+04 2.127099183567945584e+00
1.061087193483173542e+04 2.132193607870695118e+00
1.085838857461668522e+04 2.137285612625456466e+00
1.111167896111601294e+04 2.142375222467607365e+00
1.137087777679448300e+04 2.147462506778070157e+00
1.163612284581455060e+04 2.152547322059246149e+00
1.190755520732166042e+04 2.157629920857907724e+00
1.218531919043929884e+04 2.162710391047884428e+00
1.246956249101329922e+04 2.167788795197628904e+00
1.276043625014636382e+04 2.172865266521222249e+00
1.305809513456455352e+04 2.177939833564090488e+00
1.336269741885840995e+04 2.183012510194233258e+00
1.367440506964265114e+04 2.188083351873562066e+00
1.399338383167875145e+04 2.193152188184027906e+00
1.431980331600674617e+04 2.198219285100805109e+00
1.465383709013273437e+04 2.203284704222927548e+00
1.499566277032017751e+04 2.208348495448023030e+00
1.534546211603405754e+04 2.213410783637551837e+00
1.570342112658806400e+04 2.218471577704163700e+00
1.606973014004640936e+04 2.223530883542007341e+00
1.644458393443237219e+04 2.228588742486125263e+00
1.682818183129802856e+04 2.233644967610454835e+00
1.722072780170974875e+04 2.238699832637257359e+00
1.762243057470604253e+04 2.243753377811121830e+00
1.803350374828534041e+04 2.248805642471397803e+00
1.845416590298273877e+04 2.253856745939354145e+00
1.888464071809629240e+04 2.258906678427281989e+00
1.932515709062410315e+04 2.263955440484456183e+00
1.977594925697620783e+04 2.269003050716545733e+00
2.023725691752541024e+04 2.274049339789594004e+00
2.070932536406349755e+04 2.279094559218012517e+00
2.119240561023060945e+04 2.284138740658945288e+00
2.168675452498703817e+04 2.289181914999198764e+00
2.219263496919870886e+04 2.294224198507866852e+00
2.271031593540831091e+04 2.299265563958884595e+00
2.324007269086725501e+04 2.304306009028096902e+00
2.378218692390390788e+04 2.309345531583924860e+00
2.433694689370610649e+04 2.314383981832787374e+00
2.490464758359765619e+04 2.319421590939249267e+00
2.548559085789019082e+04 2.324458383768476466e+00
2.608008562239410821e+04 2.329494384597731393e+00
2.668844798867320787e+04 2.334529708153844751e+00
2.731100144213137173e+04 2.339564311067277025e+00
2.794807701401984014e+04 2.344598189777449271e+00
2.860001345745698200e+04 2.349631322860813665e+00
2.926715742755394604e+04 2.354663581408352080e+00
2.994986366574203930e+04 2.359695177608192473e+00
3.064849518840016026e+04 2.364726130867078613e+00
3.136342347988163601e+04 2.369756460151874577e+00
3.209502869004439344e+04 2.374786280469226796e+00
3.284369983638853591e+04 2.379815532914774767e+00
3.360983501090916252e+04 2.384844214453795797e+00
3.439384159177444235e+04 2.389872285726155177e+00
3.519613645994128456e+04 2.394899640104180438e+00
3.601714622082436836e+04 2.399926472139283895e+00
3.685730743113521021e+04 2.404952797083312888e+00
3.771706683101342060e+04 2.409978629940690897e+00
3.859688158157235739e+04 2.415004087120280474e+00
3.949721950798611942e+04 2.420029095136727815e+00
4.041855934824687574e+04 2.425053652612584099e+00
4.136139100772485835e+04 2.430077703240371534e+00
4.232621581966674421e+04 2.435101163535429603e+00
4.331354681176985468e+04 2.440124211241406549e+00
4.432390897897542891e+04 2.445146858263434364e+00
4.535783956262486026e+04 2.450169116448789541e+00
4.641588833612782037e+04 2.455191104409558012e+00
4.749861789729408338e+04 2.460212734566169956e+00
4.860660396748434869e+04 2.465234008176441893e+00
4.974043569773982745e+04 2.470254852737022500e+00
5.090071598205174087e+04 2.475275208754913692e+00
5.208806177793946699e+04 2.480295238018995096e+00
5.330310443450610910e+04 2.485314949913461913e+00
5.454649002814671258e+04 2.490334354250913762e+00
5.581887970608726027e+04 2.495353572074852977e+00
5.712095003793790238e+04 2.500372502945041209e+00
5.845339337544563750e+04 2.505391151435920616e+00
5.981691822063994914e+04 2.510409429535205295e+00
6.121224960256550548e+04 2.515427302371946006e+00
6.264012946280291362e+04 2.520444916327202467e+00
6.410131704998239002e+04 2.525462278811134276e+00
6.559658932349998213e+04 2.530479399875845914e+00
6.712674136665188416e+04 2.535496397966170878e+00
6.869258680940442719e+04 2.540513165466220968e+00
7.029495826102720457e+04 2.545529708879197717e+00
7.193470775281754322e+04 2.550545925083729237e+00
7.361270719115229440e+04 2.555561804205244592e+00
7.532984882110792387e+04 2.560577477650360478e+00
7.708704570089506160e+04 2.565592951270778244e+00
7.888523218736093258e+04 2.570608239687374841e+00
8.072536443281533138e+04 2.575623447861598692e+00
8.260842089344754640e+04 2.580638472823489682e+00
8.453540284960204735e+04 2.585653319797570404e+00
8.650733493819079013e+04 2.590667871078687234e+00
8.852526569752491196e+04 2.595682142277823790e+00
9.059026812485528353e+04 2.600696250292002798e+00
9.270344024691966479e+04 2.605710199782722114e+00
9.486590570379696146e+04 2.610724010462943667e+00
9.707881434638271458e+04 2.615737773807582656e+00
9.934334284780078451e+04 2.620751391847146561e+00
1.016606953290774982e+05 2.625764868706819577e+00
1.040321039994106541e+05 2.630778072290663072e+00
1.064588298113736819e+05 2.635791043807840239e+00
1.089421631314046244e+05 2.640803885756858982e+00
1.114834244259333645e+05 2.645816601817535307e+00
1.140839649635158567e+05 2.650829216998197069e+00
1.167451675333460589e+05 2.655841809326845659e+00
1.194684471805283247e+05 2.660854286220842635e+00
1.222552519585014525e+05 2.665866651024946243e+00
1.251070636990139610e+05 2.670878757492050060e+00
1.280253988000616810e+05 2.675890672827930583e+00
1.310118090322026837e+05 2.680902485477123509e+00
1.340678823636835732e+05 2.685914198470649161e+00
1.371952438048118202e+05 2.690925842502327914e+00
1.403955562720249582e+05 2.695937482294145759e+00
1.436705214721154189e+05 2.700949031004233003e+00
1.470218808070813247e+05 2.705960491274904012e+00
1.504514163000859553e+05 2.710971702948244300e+00
1.539609515430135943e+05 2.715982759188404483e+00
1.575523526661319775e+05 2.720993734525160246e+00
1.612275293303721410e+05 2.726004631301321091e+00
1.649884357427551004e+05 2.731015486022708050e+00
1.688370716955053213e+05 2.736026349943112557e+00
1.727754836294027045e+05 2.741037142028000861e+00
1.768057657219409884e+05 2.746047864407362482e+00
1.809300610008655640e+05 2.751058342962489078e+00
1.851505624836902425e+05 2.756068697168731152e+00
1.894695143437932420e+05 2.761078987699539411e+00
1.938892131037147774e+05 2.766089216474822976e+00
1.984120088562902529e+05 2.771099426038432068e+00
2.030403065142682462e+05 2.776109654440208629e+00
2.077765670890797919e+05 2.781119826713457588e+00
2.126233089994331240e+05 2.786129944686834836e+00
2.175831094104378426e+05 2.791139820526804982e+00
2.226586056039640389e+05 2.796149600059866902e+00
2.278524963809682522e+05 2.801159330220222898e+00
2.331675434965306777e+05 2.806169012557754083e+00
2.386065731283666973e+05 2.811178695732618138e+00
2.441724773795965011e+05 2.816188404457578898e+00
2.498682158165643341e+05 2.821198069845439971e+00
2.556968170425348508e+05 2.826207693262186460e+00
2.616613803080963844e+05 2.831217073167404674e+00
2.677650771591298399e+05 2.836226381692555254e+00
2.740111531232194393e+05 2.841235652107034770e+00
2.804029294354012818e+05 2.846244885654320989e+00
2.869438048041706206e+05 2.851254137236496788e+00
2.936372572186787729e+05 2.856263418268537357e+00
3.004868457980916719e+05 2.861272666120788788e+00
3.074962126840846613e+05 2.866281881975266010e+00
3.146690849774839589e+05 2.871290850882971757e+00
3.220092767200833187e+05 2.876299771264994920e+00
3.295206909226894495e+05 2.881308663093768985e+00
3.372073216404780978e+05 2.886317527353466694e+00
3.450732560967549216e+05 2.891326425301731007e+00
3.531226768562633661e+05 2.896335354864170597e+00
3.613598640491850674e+05 2.901344260069341985e+00
3.697891976470199879e+05 2.906353141631227821e+00
3.784151597915537423e+05 2.911361770938337035e+00
3.872423371781570604e+05 2.916370373025855223e+00
3.962754234946707147e+05 2.921378954081342183e+00
4.055192219171906472e+05 2.926387514952251134e+00
4.149786476640665787e+05 2.931396123060538539e+00
4.246587306094782543e+05 2.936404763178218857e+00
4.345646179579779273e+05 2.941413385542703374e+00
4.447015769814198138e+05 2.946421982775968562e+00
4.550749978197379969e+05 2.951430336894384610e+00
4.656903963470477029e+05 2.956438675392755844e+00
4.765534171046128613e+05 2.961446999009778480e+00
4.876698363022251287e+05 2.966455308495450360e+00
4.990455648895966006e+05 2.971463677887418608e+00
5.106866516993973637e+05 2.976472078694967216e+00
5.225992866636091494e+05 2.981480467658486511e+00
5.347898041049111634e+05 2.986488823730812925e+00
5.472646861048321007e+05 2.991496955730472695e+00
5.600305659504813375e+05 2.996505077494985514e+00
5.730942316616747994e+05 3.001513189664807069e+00
5.864626296003389871e+05 3.006521292814344992e+00
6.001428681641101139e+05 3.011529467447700892e+00
6.141422215660908259e+05 3.016537671591423386e+00
6.284681337027839618e+05 3.021545868216140907e+00
6.431282221122382907e+05 3.026554023291667228e+00
6.581302820245384937e+05 3.031561971689492374e+00
6.734822905067723477e+05 3.036569914050893271e+00
6.891924107046891004e+05 3.041577850820856632e+00
7.052689961832996923e+05 3.046585782468467674e+00
7.217205953687296715e+05 3.051593796028613692e+00
7.385559560936910566e+05 3.056601836430310026e+00
7.557840302489720052e+05 3.061609873241053048e+00
7.734139785434444202e+05 3.066617858890447579e+00
7.914551753750992939e+05 3.071625654947532258e+00
8.099172138157092268e+05 3.076633448911895830e+00
8.288099107117661042e+05 3.081641240838722595e+00
8.481433119044055929e+05 3.086649031277703958e+00
8.679276975711039267e+05 3.091656913836639209e+00
8.881735876919608563e+05 3.096664820017148045e+00
9.088917476435109274e+05 3.101672725633494831e+00
9.300931939230110729e+05 3.106680570062509528e+00
9.517892000062591396e+05 3.111688241124666021e+00
9.739913023420545505e+05 3.116695912693971060e+00
9.967113064864899497e+05 3.121703585241531353e+00
1.019961293380344170e+06 3.126711258766315282e+00
1.043753625772886327e+06 3.131719033518532758e+00
1.068100954795546830e+06 3.136726827543760976e+00
1.093016226688919356e+06 3.141734623993822861e+00
1.118512689686684869e+06 3.146742347749598157e+00
1.144603901060113218e+06 3.151749914226186444e+00
1.171303734326889040e+06 3.156757483776240658e+00
1.198626386628106469e+06 3.161765056454873157e+00
1.226586386277321959e+06 3.166772632891310835e+00
1.255198600485723931e+06 3.171780319531670056e+00
1.284478243267495418e+06 3.176788021621220981e+00
1.314440883529582992e+06 3.181795727577670707e+00
1.345102453350174939e+06 3.186803350730287754e+00
1.376479256450284738e+06 3.191810831662283299e+00
1.408587976862964220e+06 3.196818317696958456e+00
1.441445687804711517e+06 3.201825809163989511e+00
1.475069860753848683e+06 3.206833305737535778e+00
1.509478374740652740e+06 3.211840921209418998e+00
1.544689525854199659e+06 3.216848546933245068e+00
1.580722036970968591e+06 3.221856178511691926e+00
1.617595067710382864e+06 3.226863714897408641e+00
1.655328224622593960e+06 3.231871124314800170e+00
1.693941571613881271e+06 3.236878540244246150e+00
1.733455640615276061e+06 3.241885963013374283e+00
1.773891442500030622e+06 3.246893394939923905e+00
1.815270478255761554e+06 3.251900949302532595e+00
1.857614750417199917e+06 3.256908511100059300e+00
1.900946774765628157e+06 3.261916080696632303e+00
1.945289592301243450e+06 3.266923543264363072e+00
1.990666781494760187e+06 3.271930893842599719e+00
2.037102470824839314e+06 3.276938252552819897e+00
2.084621351607955527e+06 3.281945619365368216e+00
2.133248691127546132e+06 3.286953003827354003e+00
2.183010346069422085e+06 3.291960505313057173e+00
2.233932776270574424e+06 3.296968015141830133e+00
2.286043058788720984e+06 3.301975533990020750e+00
2.339368902300002985e+06 3.306982933825922899e+00
2.393938661832576618e+06 3.311990235419402406e+00
2.449781353843869176e+06 3.316997546547470588e+00
2.506926671649542637e+06 3.322004866372774146e+00
2.565405001212361734e+06 3.327012212018989779e+00
2.625247437299363781e+06 3.332019667616293646e+00
2.686485800015942194e+06 3.337027134096056002e+00
2.749152651725567412e+06 3.342034610172910369e+00
2.813281314364241436e+06 3.347041954287170995e+00
2.878905887158811092e+06 3.352049215172265839e+00
2.946061264758602716e+06 3.357056486108519255e+00
3.014783155789996497e+06 3.362063768467209890e+00
3.085108101843851618e+06 3.367071082116037228e+00
3.157073496905781329e+06 3.372078502277569001e+00
3.230717607239738572e+06 3.377085932848673089e+00
3.306079591735382564e+06 3.382093374968733190e+00
3.383199522730093449e+06 3.387100671891912107e+00
3.462118407316694967e+06 3.392107900456275082e+00
3.542878209148208145e+06 3.397115139177494303e+00
3.625521870751271956e+06 3.402122389376787126e+00
3.710093336359995883e+06 3.407129679056589477e+00
3.796637575282517821e+06 3.412137069107371801e+00
3.885200605812591501e+06 3.417144469534634244e+00
3.975829519698963035e+06 3.422151881712427901e+00
4.068572507185532711e+06 3.427159136369124059e+00
4.163478882635616697e+06 3.432166336773646798e+00
4.260599110753976740e+06 3.437173548288823710e+00
4.359984833420442417e+06 3.442180771484395496e+00
4.461688897149553522e+06 3.447188041611756848e+00
4.565765381190710701e+06 3.452195405821987251e+00
4.672269626283806749e+06 3.457202782082837267e+00
4.781258264085642993e+06 3.462210170734174586e+00
4.892789247282751836e+06 3.467217389866092070e+00
5.006921880406701006e+06 3.472224566979647431e+00
5.123716851368119940e+06 3.477231757523429501e+00
5.243236263726409525e+06 3.482238958253061956e+00
5.365543669712148607e+06 3.487246215599860033e+00
5.490704104019814171e+06 3.492253559150969355e+00
5.618784118388771079e+06 3.497260916673962772e+00
5.749851816990917549e+06 3.502268285330648379e+00
5.883976892643858679e+06 3.507275470182422694e+00
6.021230663868701085e+06 3.512282630138951589e+00
6.161686112812399864e+06 3.517289800373520681e+00
6.305417924054647796e+06 3.522296983972788897e+00
6.452502524320022203e+06 3.527304228714088108e+00
6.603018123116467148e+06 3.532311555132718439e+00
6.757044754321744666e+06 3.537318894744241771e+00
6.914664318740015849e+06 3.542326245947970076e+00
7.075960627650991082e+06 3.547333403749306058e+00
7.241019447375078686e+06 3.552340546408633504e+00
7.409928544878022745e+06 3.557347702775849552e+00
7.582777734439359047e+06 3.562354872452027088e+00
7.759658925409488380e+06 3.567362110330502212e+00
7.940666171080758795e+06 3.572369423165714597e+00
8.125895718698618002e+06 3.577376748515362248e+00
8.315446060639210045e+06 3.582384087847643617e+00
8.509417986780928448e+06 3.587391219093576389e+00
8.707914638097550720e+06 3.592398349572939686e+00
8.911041561501536518e+06 3.597405493373436958e+00
9.118906765966646373e+06 3.602412650294662289e+00
9.331620779959680513e+06 3.607419883214630030e+00
9.549296710212029517e+06 3.612427183657144880e+00
9.772050301861952990e+06 3.617434497568782437e+00
1.000000000000000000e+07 3.622441824108609598e+00
