1.000000000000000000e+00 -4.364436609190024186e+00
1.028073223830865190e+00 -4.327452491682846514e+00
1.056934553557988377e+00 -4.290696828109948235e+00
1.086606113854597266e+00 -4.254171580105740702e+00
1.117110650504824054e+00 -4.217879369565155301e+00
1.148471547840289375e+00 -4.181819479014603935e+00
1.180712846666190030e+00 -4.145994070746700899e+00
1.213859262690628160e+00 -4.110404411317399642e+00
1.247936205471311233e+00 -4.075050027700173771e+00
1.282969797894147890e+00 -4.039933218119377223e+00
1.318986896198670156e+00 -4.005053940561715820e+00
1.356015110565633730e+00 -3.970411950016217162e+00
1.394082826282578180e+00 -3.936009634054909334e+00
1.433219225503574057e+00 -3.901845699366767395e+00
1.473454309619835367e+00 -3.867920232801635105e+00
1.514818922258345912e+00 -3.834235286282716260e+00
1.557344772926134491e+00 -3.800788764935169262e+00
1.601064461318317811e+00 -3.767581254891354980e+00
1.646011502308550645e+00 -3.734613509536937048e+00
1.692220351641037235e+00 -3.701883634099239373e+00
1.739726432343801532e+00 -3.669392358550720434e+00
1.788566161883461625e+00 -3.637139178095305070e+00
1.838776980082327484e+00 -3.605122428323623396e+00
1.890397377819221125e+00 -3.573342931735474792e+00
1.943466926536020933e+00 -3.541799019118839986e+00
1.998026308572550480e+00 -3.510489238870553752e+00
2.054117348353064809e+00 -3.479414493874500192e+00
2.111783044448243718e+00 -3.448572023598422298e+00
2.171067602537265273e+00 -3.417960822408287136e+00
2.232016469295234007e+00 -3.387581157295874057e+00
2.294676367231936354e+00 -3.357429960639289668e+00
2.359095330508635513e+00 -3.327506595765992170e+00
2.425322741760353118e+00 -3.297810209906411050e+00
2.493409369951879562e+00 -3.268337985631651676e+00
2.563407409296515116e+00 -3.239089459183596809e+00
2.635370519267394407e+00 -3.210062725852137699e+00
2.709353865732051503e+00 -3.181255254241943664e+00
2.785414163241767493e+00 -3.152666710688198926e+00
2.863609718508115964e+00 -3.124294252649174375e+00
2.944000475100034819e+00 -3.096135612608617027e+00
3.026648059395691703e+00 -3.068190588464653423e+00
3.111615827824361080e+00 -3.040455475347046743e+00
3.198968915434536875e+00 -3.012928585154854400e+00
3.288774285825510901e+00 -2.985608918384725197e+00
3.381100782480684686e+00 -2.958492916095891268e+00
3.476019181541978309e+00 -2.931579184509352398e+00
3.573602246065787469e+00 -2.904865834553417958e+00
3.673924781802075046e+00 -2.878349629664169296e+00
3.777063694539367411e+00 -2.852029399458825054e+00
3.883098049059606094e+00 -2.825902443518326645e+00
3.992109129748052432e+00 -2.799965866345946797e+00
4.104180502904709371e+00 -2.774218694380756300e+00
4.219398080805025764e+00 -2.748657515600435808e+00
4.337850187558989212e+00 -2.723279808886010844e+00
4.459627626819092860e+00 -2.698084648207321301e+00
4.584823751389095925e+00 -2.673068132416547726e+00
4.713534534786909092e+00 -2.648228326128899912e+00
4.845858644816495975e+00 -2.623563578394692009e+00
4.981897519205162439e+00 -2.599070342620365182e+00
5.121755443364241600e+00 -2.574746986607476362e+00
5.265539630332757071e+00 -2.550591185747231204e+00
5.413360302965379844e+00 -2.526599780210944779e+00
5.565330778427647118e+00 -2.502771408411688547e+00
5.721567555063249877e+00 -2.479103158132111684e+00
5.882190401699957327e+00 -2.455592251247652680e+00
6.047322449462647853e+00 -2.432237586357050230e+00
6.217090286163828416e+00 -2.409035734519939798e+00
6.391624053344004075e+00 -2.385984415894494948e+00
6.571057546036271901e+00 -2.363082415838384520e+00
6.755528315331642553e+00 -2.340326219314868617e+00
6.945177773823695944e+00 -2.317714058891703122e+00
7.140151304013399702e+00 -2.295244176134785707e+00
7.340598369757211472e+00 -2.272913452088348496e+00
7.546672630843890950e+00 -2.250720458806400703e+00
7.758532060787835860e+00 -2.228662933765875653e+00
7.976339067929276716e+00 -2.206738180960711393e+00
8.200260619934130801e+00 -2.184945065659938290e+00
8.430468371788970572e+00 -2.163280902957030349e+00
8.667138797389231542e+00 -2.141743391199437241e+00
8.910453324821515864e+00 -2.120331679276882930e+00
9.160598475443707756e+00 -2.099042705605401071e+00
9.417766006869522144e+00 -2.077874727860078874e+00
9.682153059967083308e+00 -2.056826644361050338e+00
9.953962309984236256e+00 -2.035895582702260675e+00
1.023340212191641818e+01 -2.015080225524688462e+00
1.052068671023622848e+01 -1.994379043159519860e+00
1.081603630310709896e+01 -1.973789558777354403e+00
1.111967731120699021e+01 -1.953310785749756251e+00
1.143184250129149682e+01 -1.932940796708575437e+00
1.175277117462945142e+01 -1.912677525067203232e+00
1.208270935044776628e+01 -1.892520265555140968e+00
1.242190995452617486e+01 -1.872466760618570314e+00
1.277063301308644050e+01 -1.852515320930611775e+00
1.312914585212465290e+01 -1.832665496532269067e+00
1.349772330233942519e+01 -1.812914744709700487e+00
1.387664790981308549e+01 -1.793261942012159160e+00
1.426621015260737657e+01 -1.773706266427866662e+00
1.466670866343968527e+01 -1.754245532392106455e+00
1.507845045861051858e+01 -1.734878949853322139e+00
1.550175117335770381e+01 -1.715605331034292691e+00
1.593693530381775325e+01 -1.696422863785016277e+00
1.638433645577983810e+01 -1.677331050308955351e+00
1.684429760042315039e+01 -1.658328372239966209e+00
1.731717133723353896e+01 -1.639413384141321428e+00
1.780332016430113740e+01 -1.620585846192905022e+00
1.830311675620611922e+01 -1.601843951324445570e+00
1.881694424970555701e+01 -1.583186653574389480e+00
1.934519653744045087e+01 -1.564613775205014212e+00
1.988827856988809728e+01 -1.546123425752614633e+00
2.044660666579116537e+01 -1.527715012813932294e+00
2.102060883130158331e+01 -1.509388018987168234e+00
2.161072508808377535e+01 -1.491140877378424712e+00
2.221740781062884551e+01 -1.472973292619244035e+00
2.284112207303824604e+01 -1.454884408765386716e+00
2.348234600554276241e+01 -1.436873004187942060e+00
2.414157116103018907e+01 -1.418939028795396240e+00
2.481930289186255223e+01 -1.401081333453202626e+00
2.551606073727185020e+01 -1.383299016345173271e+00
2.623237882163123658e+01 -1.365592251129057466e+00
2.696880626390692726e+01 -1.347959621640005157e+00
2.772590759860482379e+01 -1.330400630615703461e+00
2.850426320853434703e+01 -1.312915346545791895e+00
2.930446976972142892e+01 -1.295502420149782674e+00
3.012714070881164119e+01 -1.278161710307844201e+00
3.097290667331408542e+01 -1.260892955314861785e+00
3.184241601504653119e+01 -1.243695098631718343e+00
3.273633528715245689e+01 -1.226568255604727931e+00
3.365534975507094373e+01 -1.209511837816648061e+00
3.460016392185110590e+01 -1.192525104604591935e+00
3.557150206821386007e+01 -1.175608370835815819e+00
3.657010880777491479e+01 -1.158760775113358621e+00
3.759674965785467293e+01 -1.141981853309966821e+00
3.865221162631263496e+01 -1.125272109589933400e+00
3.973730381485608376e+01 -1.108630424859470498e+00
4.085285803928563553e+01 -1.092056744904488452e+00
4.199972946715305966e+01 -1.075551313458527503e+00
4.317879727332023521e+01 -1.059113206473918156e+00
4.439096531392171130e+01 -1.042742634426208514e+00
4.563716281924758533e+01 -1.026439513735627473e+00
4.691834510607796460e+01 -1.010203189022466308e+00
4.823549431001467269e+01 -9.940340826824074494e-01
4.958962013837214045e+01 -9.779317972261601932e-01
5.098176064420424325e+01 -9.618959550618724208e-01
5.241298302206058679e+01 -9.459271453313166100e-01
5.388438442608223511e+01 -9.300247020436239742e-01
5.539709281106403438e+01 -9.141885169663460653e-01
5.695226779712825049e+01 -8.984192548647069732e-01
5.855110155867240707e+01 -8.827160784265969395e-01
6.019481973827274146e+01 -8.670792386709533783e-01
6.188468238624385975e+01 -8.515090794054962497e-01
6.362198492657488913e+01 -8.360049876721475925e-01
6.540805914998256299e+01 -8.205674289005508992e-01
6.724427423484249289e+01 -8.051964139768525985e-01
6.913203779678131866e+01 -7.898915807768638331e-01
7.107279696773419175e+01 -7.746535628784716465e-01
7.306803950529503311e+01 -7.594820700386094581e-01
7.511929493320964468e+01 -7.443769789687961769e-01
7.722813571388641662e+01 -7.293390634624709046e-01
7.939617845382279882e+01 -7.143677614066614723e-01
8.162508514287227968e+01 -6.994632320655316260e-01
8.391656442830156948e+01 -6.846261735127034953e-01
8.627237292461450124e+01 -6.698559745111606345e-01
8.869431656014708665e+01 -6.551530788121608939e-01
9.118425196146571921e+01 -6.405178502081741998e-01
9.374408787662996190e+01 -6.259498847456491655e-01
9.637578663841088655e+01 -6.114498085133951433e-01
9.908136566858671301e+01 -5.970176439831087478e-01
1.018628990244687600e+02 -5.826532231675942697e-01
1.047225189888434329e+02 -5.683572998237869101e-01
1.076624177045493269e+02 -5.541296052438327013e-01
1.106848488549411940e+02 -5.399701732166675150e-01
1.137921293915315033e+02 -5.258798731095210011e-01
1.169866413101306932e+02 -5.118581617736002176e-01
1.202708334768511946e+02 -4.979053681213044813e-01
1.236472235053714996e+02 -4.840221427219273398e-01
1.271183996869028903e+02 -4.702080048752243502e-01
1.306870229743346385e+02 -4.564634984544495566e-01
1.343558290220826166e+02 -4.427889273439079565e-01
1.381276302832009435e+02 -4.291840030425453922e-01
1.420053181653683225e+02 -4.156494181140052979e-01
1.459918652473978682e+02 -4.021851334930192645e-01
1.500903275579736658e+02 -3.887910734063419471e-01
1.543038469183564700e+02 -3.754680280361694655e-01
1.586356533508589735e+02 -3.622156653519348901e-01
1.630890675549332514e+02 -3.490340894593451093e-01
1.676675034527699211e+02 -3.359241650632481258e-01
1.723744708063619839e+02 -3.228852969770881209e-01
1.772135779080358589e+02 -3.099178889026445449e-01
1.821885343465167182e+02 -2.970224642495539746e-01
1.873031538506436675e+02 -2.841985794843132629e-01
1.925613572129198587e+02 -2.714467926010032950e-01
1.979671752951332735e+02 -2.587672674389256411e-01
2.035247521183577817e+02 -2.461597406780460795e-01
2.092383480396976836e+02 -2.336248837161689629e-01
2.151123430182167340e+02 -2.211625214096281933e-01
2.211512399725488649e+02 -2.087725733559782915e-01
2.273596682327717531e+02 -1.964557885415631477e-01
2.337423870891815056e+02 -1.842116849582270677e-01
2.403042894406969481e+02 -1.720403854196944082e-01
2.470504055456825370e+02 -1.599425721245137377e-01
2.539859068780726545e+02 -1.479176080190317821e-01
2.611161100917459521e+02 -1.359658572596913473e-01
2.684464810961962371e+02 -1.240876402070846124e-01
2.759826392466180209e+02 -1.122824599828644854e-01
2.837303616516211378e+02 -1.005508114963305222e-01
2.916955876018795948e+02 -8.889264093009927037e-02
2.998844231231027493e+02 -7.730762397726646806e-02
3.083031456568277235e+02 -6.579633665641475282e-02
3.169582088726115217e+02 -5.435838695237336232e-02
3.258562476153226157e+02 -4.299361002919784708e-02
3.350040829913132825e+02 -3.170264112993764760e-02
3.444087275973823239e+02 -2.048476812571669095e-02
3.540773908965269925e+02 -9.340057690573232846e-03
3.640174847446141371e+02 1.731059116607280542e-03
3.742366290721980704e+02 1.272934520157417357e-02
3.847426577258505631e+02 2.365454232107591648e-02
3.955436244734701745e+02 3.450660162829850830e-02
4.066478091781858097e+02 4.528615001889488983e-02
4.180637241455758044e+02 5.599282164480828827e-02
4.298001206490798722e+02 6.662695039159324817e-02
4.418659956385941427e+02 7.718899639445662986e-02
4.542705986374043050e+02 8.767853540275463708e-02
4.670234388327335182e+02 9.809624659690648063e-02
4.801342923653450043e+02 1.084424383166939510e-01
4.936132098237916921e+02 1.187166423801230691e-01
5.074705239490465942e+02 1.289198693286238151e-01
5.217168575554348990e+02 1.390521564740986316e-01
5.363631316739240447e+02 1.491133783716559191e-01
5.514205739240302364e+02 1.591044811915524604e-01
5.669007271207433405e+02 1.690253585754643295e-01
5.828154581230845679e+02 1.788762781139826286e-01
5.991769669310618838e+02 1.886580494164438182e-01
6.159977960380168724e+02 1.983704727383728550e-01
6.332908400455114588e+02 2.080142000577311912e-01
6.510693555481461772e+02 2.175898725985775106e-01
6.693469712958660693e+02 2.270972435512772780e-01
6.881376986415669990e+02 2.365373218496836516e-01
7.074559422819878591e+02 2.459105549405892488e-01
7.273165113001454074e+02 2.552167475262916430e-01
7.477346305177587737e+02 2.644571589340488083e-01
7.687259521663728492e+02 2.736319727467628193e-01
7.903065678861347578e+02 2.827413812093002576e-01
8.124930210614047610e+02 2.917865397364456936e-01
8.353023195026778467e+02 3.007674955433902730e-01
8.587519484845170155e+02 3.096848396136924197e-01
8.828598841495149827e+02 3.185395740347929938e-01
9.076446072885356671e+02 3.273316584968167797e-01
9.331251175078249389e+02 3.360620644573222848e-01
9.593209477938240752e+02 3.447316074211526638e-01
9.862521794868783900e+02 3.533402011418066979e-01
1.013939457675291692e+03 3.618891774137696360e-01
1.042404007021556936e+03 3.703790901423706372e-01
1.071667648032863326e+03 3.788100249547685094e-01
1.101752813788387357e+03 3.871834379297496853e-01
1.132682567136153693e+03 3.954996370735435196e-01
1.164480618372686649e+03 4.037590951698635799e-01
1.197171343418966899e+03 4.119631439186353106e-01
1.230779802506664510e+03 4.201119426803285317e-01
1.265331759388942828e+03 4.282063569286537752e-01
1.300853701090570667e+03 4.362475355114647235e-01
1.337372858212496340e+03 4.442355432697769890e-01
1.374917225806419083e+03 4.521716157092709465e-01
1.413515584835395657e+03 4.600566832363879310e-01
1.453197524236895333e+03 4.678907551113703489e-01
1.493993463605257830e+03 4.756754133517875904e-01
1.535934676510896907e+03 4.834112557385041864e-01
1.579053314474175750e+03 4.910985711090772310e-01
1.623382431612278197e+03 4.987389300305247741e-01
1.668956009978024895e+03 5.063326915780320681e-01
1.715808985610004811e+03 5.138805172770115615e-01
1.763977275314045301e+03 5.213838328037305736e-01
1.813497804196495281e+03 5.288428204935344823e-01
1.864408533970487042e+03 5.362585200444613953e-01
1.916748492056814939e+03 5.436321343918464333e-01
1.970557801501800441e+03 5.509637391474725421e-01
2.025877711735017101e+03 5.582547289119131895e-01
2.082750630190514130e+03 5.655060369352090666e-01
2.141220154815729529e+03 5.727176965185664104e-01
2.201331107493030231e+03 5.798913985876061883e-01
2.263129568399529489e+03 5.870276892649679557e-01
2.326662911331457963e+03 5.941269504720237959e-01
2.391979840020239862e+03 6.011907547913944994e-01
2.459130425468043995e+03 6.082194027672452874e-01
2.528166144331500618e+03 6.152136305029783925e-01
2.599139918382933047e+03 6.221748413396818167e-01
2.672106155079435212e+03 6.291031310448261804e-01
2.747120789270811656e+03 6.359995995260933066e-01
2.824241326078435577e+03 6.428653836072996119e-01
2.903526884977814007e+03 6.497004633827699882e-01
2.985038245118732448e+03 6.565062737611226940e-01
3.068837891917642082e+03 6.632836072870292865e-01
3.154990064958088624e+03 6.700325047207391638e-01
3.243560807235811353e+03 6.767545600815256801e-01
3.334618015786362776e+03 6.834501876689736966e-01
3.428231493733970638e+03 6.901197581011198068e-01
3.524473003801584127e+03 6.967647350105214965e-01
3.623416323323149754e+03 7.033852566959756247e-01
3.725137300800209687e+03 7.099820351038195199e-01
3.829713914046280934e+03 7.165563412082446293e-01
3.937226329963479202e+03 7.231080934513234304e-01
4.047756965997322368e+03 7.296383580085837872e-01
4.161390553316707155e+03 7.361481035691413988e-01
4.278214201767616942e+03 7.426371337138626405e-01
4.398317466650223651e+03 7.491068325709544506e-01
4.521792417370702424e+03 7.555577650866333039e-01
4.648733708020256927e+03 7.619899058505612555e-01
4.779238649935599824e+03 7.684046694580531911e-01
4.913407286296362145e+03 7.748022634129497765e-01
5.051342468816766086e+03 7.811829826989867831e-01
5.193149936590211837e+03 7.875481092181433329e-01
5.338938397147355317e+03 7.938975566650857685e-01
5.488819609789671631e+03 8.002319633093459839e-01
5.642908471262536295e+03 8.065523917192322090e-01
5.801323103833378809e+03 8.128585473248854942e-01
5.964184945842459456e+03 8.191514150564431773e-01
6.131618844795774748e+03 8.254317417066787677e-01
6.303753153071274937e+03 8.316991207485551207e-01
6.480719826311970792e+03 8.379548517885604397e-01
6.662654524581149417e+03 8.441992313138584336e-01
6.849696716357447258e+03 8.504321461820294470e-01
7.041989785449288320e+03 8.566548054460371153e-01
7.239681140910876820e+03 8.628671845688966613e-01
7.442922330043757938e+03 8.690694915552925615e-01
7.651869154570825231e+03 8.752628090986963594e-01
7.866681790071582327e+03 8.814468143650432408e-01
8.087524908770456932e+03 8.876220741259948088e-01
8.314567805772063366e+03 8.937894232026606378e-01
8.547984528840413986e+03 8.999483646040805640e-01
8.787954011821319000e+03 9.060998068747586620e-01
9.034660211810534747e+03 9.122442381709282566e-01
9.288292250172498825e+03 9.183811565654969034e-01
9.549044557518078364e+03 9.245116910449011627e-01
9.817117022752194316e+03 9.306359096804762698e-01
1.009271514630571801e+04 9.367536331913923764e-01
1.037605019766911755e+04 9.428658868733704734e-01
1.066733937734857136e+04 9.489724292065043754e-01
1.096680598336867479e+04 9.550734108770365660e-01
1.127467958244947295e+04 9.611697390044570133e-01
1.159119618598885791e+04 9.672608805744816740e-01
1.191659843098558849e+04 9.733473662493955514e-01
1.225113576604117770e+04 9.794298269818935143e-01
1.259506464258358938e+04 9.855076001742875125e-01
1.294864871145904908e+04 9.915815558167032640e-01
1.331215902504307633e+04 9.976519446319260798e-01
1.368587424502517752e+04 1.003718232193741011e+00
1.407008085602686515e+04 1.009781395248725344e+00
1.446507338521647216e+04 1.015841313550381209e+00
1.487115462808953816e+04 1.021897785102064748e+00
1.528863588058729511e+04 1.027951693146342604e+00
1.571783717773161152e+04 1.034002615815134751e+00
1.615908753895919108e+04 1.040050695399234559e+00
1.661272522034293070e+04 1.046096693633658870e+00
1.707909797389426967e+04 1.052139918529064300e+00
1.755856331414467058e+04 1.058180907874882504e+00
1.805148879221110110e+04 1.064220125982360710e+00
1.855825227755518790e+04 1.070256790092172894e+00
1.907924224765265171e+04 1.076291776821799440e+00
1.961485808579429431e+04 1.082325136940863297e+00
2.016551038724748651e+04 1.088356348359941439e+00
2.073162127401231191e+04 1.094386279995462230e+00
2.131362471841437582e+04 1.100414660331318517e+00
2.191196687578147248e+04 1.106441308342925645e+00
2.252710642645982807e+04 1.112467008189663265e+00
2.315951492743154449e+04 1.118491193817085172e+00
2.380967717380358226e+04 1.124514052373336792e+00
2.447809157044440144e+04 1.130536207866261522e+00
2.516527051405388920e+04 1.136556877690639178e+00
2.587174078595923856e+04 1.142576637569073350e+00
2.659804395593758454e+04 1.148595803848636798e+00
2.734473679737579732e+04 1.154613557141116686e+00
2.811239171408461334e+04 1.160630773600796806e+00
2.890159717909511528e+04 1.166647350770769309e+00
2.971295818577334285e+04 1.172662815143313830e+00
3.054709671159967911e+04 1.178677963158798692e+00
3.140465219496748978e+04 1.184692401692859498e+00
3.228628202536733443e+04 1.190706004431353104e+00
3.319266204733189807e+04 1.196719489053949426e+00
3.412448707852889493e+04 1.202732172873064220e+00
3.508247144239788759e+04 1.208744320955793095e+00
3.606734951574031584e+04 1.214756443721574097e+00
3.707987629168172134e+04 1.220767699097861314e+00
3.812082795843888016e+04 1.226778728591158441e+00
3.919100249433401768e+04 1.232789698104012954e+00
4.029122027951351629e+04 1.238799856969982294e+00
4.142232472483898164e+04 1.244810028369530031e+00
4.258518291843414772e+04 1.250820004267684027e+00
4.378068629038166546e+04 1.256829384173450359e+00
4.500975129608041607e+04 1.262838915589087341e+00
4.627332011878693447e+04 1.268848103153965567e+00
4.757236139187889785e+04 1.274856897540364686e+00
4.890787094139590045e+04 1.280865970463633818e+00
5.028087254942474829e+04 1.286874540581013582e+00
5.169241873891603609e+04 1.292882971378088053e+00
5.314359158053241117e+04 1.298891675758302888e+00
5.463550352214875602e+04 1.304899770461891428e+00
5.616929824163804005e+04 1.310907980355979552e+00
5.774615152359825879e+04 1.316916335112893854e+00
5.936727216069126007e+04 1.322924169122927207e+00
6.103390288028620853e+04 1.328932268186993504e+00
6.274732129711574817e+04 1.334940331342419295e+00
6.450884089267699164e+04 1.340948045550460765e+00
6.631981202212675998e+04 1.346956123309797082e+00
6.818162294944479072e+04 1.352963978069769091e+00
7.009570091165618214e+04 1.358971659957875389e+00
7.206351321293045476e+04 1.364979778035700253e+00
7.408656834939567489e+04 1.370987490918236240e+00
7.616641716552892467e+04 1.376995262794753927e+00
7.830465404301183298e+04 1.383003417809768987e+00
8.050291812295973068e+04 1.389011041830258142e+00
8.276289456246352347e+04 1.395018952897695730e+00
8.508631582640581473e+04 1.401027052061960099e+00
8.747496301554415550e+04 1.407034767713019274e+00
8.993066723187614116e+04 1.413042856945460279e+00
9.245531098233579542e+04 1.419050932339539273e+00
9.505082962189511454e+04 1.425058776246129977e+00
9.771921283717996266e+04 1.431067073672467549e+00
1.004625061717340286e+05 1.437075152465093764e+00
1.032828125941029575e+05 1.443083178768701513e+00
1.061822941099384625e+05 1.449091676635156700e+00
1.091631734193614684e+05 1.455099778341733874e+00
1.122277356208507117e+05 1.461108045587060644e+00
1.153783299629659596e+05 1.467116680671071149e+00
1.186173716452479130e+05 1.473124856172250530e+00
1.219473436696738354e+05 1.479133376264381017e+00
1.253707987440919678e+05 1.485142054335978345e+00
1.288903612390891503e+05 1.491150417514462312e+00
1.325087291997953726e+05 1.497159198506857303e+00
1.362286764141646854e+05 1.503167926498439444e+00
1.400530545393219800e+05 1.509176483206632113e+00
1.439847952876006602e+05 1.515185529974099055e+00
1.480269126739510102e+05 1.521194311631737905e+00
1.521825053264386952e+05 1.527203114191422850e+00
1.564547588616095891e+05 1.533212378840531853e+00
1.608469483265355229e+05 1.539221214830849727e+00
1.653624407094182097e+05 1.545230284255377562e+00
1.700046975206718198e+05 1.551239665736332762e+00
1.747772774464680697e+05 1.557248632508777986e+00
1.796838390767719247e+05 1.563257966160900958e+00
1.847281437099635950e+05 1.569267397758416172e+00
1.899140582361935521e+05 1.575276555299089276e+00
1.952455581016860961e+05 1.581286149355104031e+00
2.007267303562568268e+05 1.587295626932099912e+00
2.063617767863856570e+05 1.593304971182756491e+00
2.121550171362452384e+05 1.599314821121339047e+00
2.181108924191519909e+05 1.605324340032092900e+00
2.242339683219845174e+05 1.611333935482083479e+00
2.305289387051706144e+05 1.617343966773942432e+00
2.370006292009330355e+05 1.623353521524897314e+00
2.436540009125466167e+05 1.629363363743460358e+00
2.504941542174502392e+05 1.635373449062913265e+00
2.575263326771198772e+05 1.641383152619997787e+00
2.647559270567069179e+05 1.647393234679671359e+00
2.721884794575179694e+05 1.653403344449974499e+00
2.798296875655115582e+05 1.659413212003096438e+00
2.876854090190591523e+05 1.665423526666561571e+00
2.957616658993256860e+05 1.671433653611600123e+00
3.040646493467068649e+05 1.677443696969142195e+00
3.126007243068703683e+05 1.683454218423651838e+00
3.213764344100275775e+05 1.689464355816010510e+00
3.303985069871855085e+05 1.695474620549462408e+00
3.396738582272209460e+05 1.701485271612159567e+00
3.492095984787271591e+05 1.707495431688887289e+00
3.590130377007068601e+05 1.713505911263249137e+00
3.690916910662774462e+05 1.719516561841903268e+00
3.794532847236942034e+05 1.725526861150743718e+00
3.901057617190993042e+05 1.731537548567114282e+00
4.010572880855496041e+05 1.737548191682477761e+00
4.123162591029748437e+05 1.743558622954770598e+00
4.238913057338782819e+05 1.749569511101936703e+00
4.357913012397029670e+05 1.755580139469433698e+00
4.480253679829489556e+05 1.761590735065025282e+00
4.606028844202398323e+05 1.767601777850684064e+00
4.735334922917120857e+05 1.773612384975875367e+00
4.868271040122283739e+05 1.779623170484971206e+00
5.004939102700953372e+05 1.785634270589271155e+00
5.145443878390924656e+05 1.791644910594230700e+00
5.289893076098145684e+05 1.797655880452559307e+00
5.438397428464801051e+05 1.803666950033334881e+00
5.591070776755292900e+05 1.809677699680832363e+00
5.748030158125350717e+05 1.815688848295782032e+00
5.909395895340964198e+05 1.821699881688500167e+00
6.075291689016077435e+05 1.827710735186195423e+00
6.245844712439618306e+05 1.833722056809958367e+00
6.421185709064757684e+05 1.839733048081822364e+00
6.601449092734883307e+05 1.845744059060693054e+00
6.786773050723301712e+05 1.851755488431871211e+00
6.977299649665538454e+05 1.857766431981680677e+00
7.173174944465612061e+05 1.863777606859116531e+00
7.374549090259546647e+05 1.869789026333543713e+00
7.581576457522117998e+05 1.875800018686324178e+00
7.794415750404951395e+05 1.881811353117375907e+00
8.013230128396886867e+05 1.887822717573969022e+00
8.238187331399600953e+05 1.893833795716141521e+00
8.469459808314593975e+05 1.899845285518690252e+00
8.707224849239921896e+05 1.905856591192784277e+00
8.951664721378301037e+05 1.911867759858449256e+00
9.202966808760409476e+05 1.917879391765083819e+00
9.461323755890759639e+05 1.923890633970868347e+00
9.726933615426179022e+05 1.929901950824124413e+00
1.000000000000000000e+06 1.935913658653418024e+00
