1.000000000000000000e+00 -2.967926032825229044e+00
1.028073223830865190e+00 -2.935976535112582386e+00
1.056934553557988377e+00 -2.904312846456640784e+00
1.086606113854597266e+00 -2.872934060779006593e+00
1.117110650504824054e+00 -2.841840013662417341e+00
1.148471547840289375e+00 -2.811026938578446988e+00
1.180712846666190030e+00 -2.780493643900395107e+00
1.213859262690628160e+00 -2.750238137180849751e+00
1.247936205471311233e+00 -2.720256320892067148e+00
1.282969797894147890e+00 -2.690546720261806524e+00
1.318986896198670156e+00 -2.661105610135043875e+00
1.356015110565633730e+00 -2.631928616807273968e+00
1.394082826282578180e+00 -2.603014054107878561e+00
1.433219225503574057e+00 -2.574356551614164434e+00
1.473454309619835367e+00 -2.545951761337637009e+00
1.514818922258345912e+00 -2.517797447586438864e+00
1.557344772926134491e+00 -2.489887179857633193e+00
1.601064461318317811e+00 -2.462216980062473581e+00
1.646011502308550645e+00 -2.434783260093200230e+00
1.692220351641037235e+00 -2.407579715589814651e+00
1.739726432343801532e+00 -2.380602583938154382e+00
1.788566161883461625e+00 -2.353847182724388976e+00
1.838776980082327484e+00 -2.327307544659153571e+00
1.890397377819221125e+00 -2.300980329458433449e+00
1.943466926536020933e+00 -2.274860040358102520e+00
1.998026308572550480e+00 -2.248941287451197368e+00
2.054117348353064809e+00 -2.223221379667032593e+00
2.111783044448243718e+00 -2.197694251872744253e+00
2.171067602537265273e+00 -2.172355600977093015e+00
2.232016469295234007e+00 -2.147202840626057707e+00
2.294676367231936354e+00 -2.122230321638625572e+00
2.359095330508635513e+00 -2.097434942214492892e+00
2.425322741760353118e+00 -2.072813896939432521e+00
2.493409369951879562e+00 -2.048362645729914000e+00
2.563407409296515116e+00 -2.024079218177421868e+00
2.635370519267394407e+00 -1.999960766886847541e+00
2.709353865732051503e+00 -1.976003922680432234e+00
2.785414163241767493e+00 -1.952207893745083300e+00
2.863609718508115964e+00 -1.928569848330948355e+00
2.944000475100034819e+00 -1.905087601589001256e+00
3.026648059395691703e+00 -1.881761478485079353e+00
3.111615827824361080e+00 -1.858588626469985572e+00
3.198968915434536875e+00 -1.835568287403437360e+00
3.288774285825510901e+00 -1.812700806294311517e+00
3.381100782480684686e+00 -1.789984168760319738e+00
3.476019181541978309e+00 -1.767418580631492597e+00
3.573602246065787469e+00 -1.745004116098094471e+00
3.673924781802075046e+00 -1.722739543792878747e+00
3.777063694539367411e+00 -1.700625746607098643e+00
3.883098049059606094e+00 -1.678662376445972715e+00
3.992109129748052432e+00 -1.656848737068179256e+00
4.104180502904709371e+00 -1.635186175341925230e+00
4.219398080805025764e+00 -1.613673715987122392e+00
4.337850187558989212e+00 -1.592311069590959693e+00
4.459627626819092860e+00 -1.571099651702561939e+00
4.584823751389095925e+00 -1.550037873729745108e+00
4.713534534786909092e+00 -1.529125900313140995e+00
4.845858644816495975e+00 -1.508364257712492940e+00
4.981897519205162439e+00 -1.487751451040141282e+00
5.121755443364241600e+00 -1.467287692774469576e+00
5.265539630332757071e+00 -1.446972580635401906e+00
5.413360302965379844e+00 -1.426804642715938432e+00
5.565330778427647118e+00 -1.406784074438064414e+00
5.721567555063249877e+00 -1.386909578687264055e+00
5.882190401699957327e+00 -1.367179681505868771e+00
6.047322449462647853e+00 -1.347594591719385893e+00
6.217090286163828416e+00 -1.328152145984790922e+00
6.391624053344004075e+00 -1.308851082262988408e+00
6.571057546036271901e+00 -1.289691246504479194e+00
6.755528315331642553e+00 -1.270670106384026887e+00
6.945177773823695944e+00 -1.251786687948066357e+00
7.140151304013399702e+00 -1.233040106269022607e+00
7.340598369757211472e+00 -1.214428006633109236e+00
7.546672630843890950e+00 -1.195949596625491607e+00
7.758532060787835860e+00 -1.177603377645654259e+00
7.976339067929276716e+00 -1.159387229993586566e+00
8.200260619934130801e+00 -1.141300591492944161e+00
8.430468371788970572e+00 -1.123341437485776417e+00
8.667138797389231542e+00 -1.105507927671705470e+00
8.910453324821515864e+00 -1.087799764991509655e+00
9.160598475443707756e+00 -1.070214440366139996e+00
9.417766006869522144e+00 -1.052750626706773440e+00
9.682153059967083308e+00 -1.035407736275478552e+00
9.953962309984236256e+00 -1.018183375349506647e+00
1.023340212191641818e+01 -1.001076595646316347e+00
1.052068671023622848e+01 -9.840863550263421189e-01
1.081603630310709896e+01 -9.672105725146618038e-01
1.111967731120699021e+01 -9.504485908447470877e-01
1.143184250129149682e+01 -9.337989483849936656e-01
1.175277117462945142e+01 -9.172598637676754318e-01
1.208270935044776628e+01 -9.008309643115421927e-01
1.242190995452617486e+01 -8.845103762967864158e-01
1.277063301308644050e+01 -8.682966326694113723e-01
1.312914585212465290e+01 -8.521895999664701460e-01
1.349772330233942519e+01 -8.361870277476389779e-01
1.387664790981308549e+01 -8.202879770127938786e-01
1.426621015260737657e+01 -8.044919038452182924e-01
1.466670866343968527e+01 -7.887968448058629845e-01
1.507845045861051858e+01 -7.732021510407407483e-01
1.550175117335770381e+01 -7.577068909486627257e-01
1.593693530381775325e+01 -7.423093949691004223e-01
1.638433645577983810e+01 -7.270092832243484349e-01
1.684429760042315039e+01 -7.118052681325439668e-01
1.731717133723353896e+01 -6.966959615845021991e-01
1.780332016430113740e+01 -6.816812641851568433e-01
1.830311675620611922e+01 -6.667595213611710037e-01
1.881694424970555701e+01 -6.519297194969903009e-01
1.934519653744045087e+01 -6.371918069803783613e-01
1.988827856988809728e+01 -6.225439825759249146e-01
2.044660666579116537e+01 -6.079856661829745601e-01
2.102060883130158331e+01 -5.935164470846003848e-01
2.161072508808377535e+01 -5.791347924073608766e-01
2.221740781062884551e+01 -5.648403964532677790e-01
2.284112207303824604e+01 -5.506324967824368644e-01
2.348234600554276241e+01 -5.365098383752153755e-01
2.414157116103018907e+01 -5.224723615275880251e-01
2.481930289186255223e+01 -5.085189713121447408e-01
2.551606073727185020e+01 -4.946486781371116637e-01
2.623237882163123658e+01 -4.808616634074465157e-01
2.696880626390692726e+01 -4.671564921161483475e-01
2.772590759860482379e+01 -4.535325710546117550e-01
2.850426320853434703e+01 -4.399899531563534749e-01
2.930446976972142892e+01 -4.265272222414700498e-01
3.012714070881164119e+01 -4.131441232155020349e-01
3.097290667331408542e+01 -3.998403626322574178e-01
3.184241601504653119e+01 -3.866147659422510263e-01
3.273633528715245689e+01 -3.734673234118351948e-01
3.365534975507094373e+01 -3.603973951824748778e-01
3.460016392185110590e+01 -3.474040683175895761e-01
3.557150206821386007e+01 -3.344875417182493482e-01
3.657010880777491479e+01 -3.216468514798583311e-01
3.759674965785467293e+01 -3.088813341105162702e-01
3.865221162631263496e+01 -2.961913811670616736e-01
3.973730381485608376e+01 -2.835757073577409582e-01
4.085285803928563553e+01 -2.710340580945546085e-01
4.199972946715305966e+01 -2.585665362518015375e-01
4.317879727332023521e+01 -2.461720162085583863e-01
4.439096531392171130e+01 -2.338504910303545736e-01
4.563716281924758533e+01 -2.216017163833090831e-01
4.691834510607796460e+01 -2.094247939277442960e-01
4.823549431001467269e+01 -1.973199207705333691e-01
4.958962013837214045e+01 -1.852865105129917200e-01
5.098176064420424325e+01 -1.733239026614973310e-01
5.241298302206058679e+01 -1.614324683014000950e-01
5.388438442608223511e+01 -1.496112995238964294e-01
5.539709281106403438e+01 -1.378599942305091253e-01
5.695226779712825049e+01 -1.261789849362985327e-01
5.855110155867240707e+01 -1.145671467937129512e-01
6.019481973827274146e+01 -1.030244322251765987e-01
6.188468238624385975e+01 -9.155092537165018807e-02
6.362198492657488913e+01 -8.014569608748879637e-02
6.540805914998256299e+01 -6.880889767988694616e-02
6.724427423484249289e+01 -5.754025711733366799e-02
6.913203779678131866e+01 -4.633906396290701085e-02
7.107279696773419175e+01 -3.520563276494075716e-02
7.306803950529503311e+01 -2.413935615810820778e-02
7.511929493320964468e+01 -1.313973679216129224e-02
7.722813571388641662e+01 -2.207227646808182508e-03
7.939617845382279882e+01 8.659093931512328729e-03
8.162508514287227968e+01 1.945944867154482741e-02
8.391656442830156948e+01 3.019348299575062150e-02
8.627237292461450124e+01 4.086219707011427837e-02
8.869431656014708665e+01 5.146553690638364098e-02
9.118425196146571921e+01 6.200350743636414558e-02
9.374408787662996190e+01 7.247692615442459518e-02
9.637578663841088655e+01 8.288556629219889782e-02
9.908136566858671301e+01 9.322979964501956762e-02
1.018628990244687600e+02 1.035102274703234848e-01
1.047225189888434329e+02 1.137265049492228730e-01
1.076624177045493269e+02 1.238793240055174605e-01
1.106848488549411940e+02 1.339690991110529250e-01
1.137921293915315033e+02 1.439953788570368376e-01
1.169866413101306932e+02 1.539591587339812773e-01
1.202708334768511946e+02 1.638605651044318656e-01
1.236472235053714996e+02 1.736993873461019355e-01
1.271183996869028903e+02 1.834765716590003037e-01
1.306870229743346385e+02 1.931920427665972384e-01
1.343558290220826166e+02 2.028459549919540417e-01
1.381276302832009435e+02 2.124390775467456527e-01
1.420053181653683225e+02 2.219711936174311451e-01
1.459918652473978682e+02 2.314428213898343523e-01
1.500903275579736658e+02 2.408545268695564678e-01
1.543038469183564700e+02 2.502060058613482241e-01
1.586356533508589735e+02 2.594980812451311292e-01
1.630890675549332514e+02 2.687311543903918576e-01
1.676675034527699211e+02 2.779048526133922059e-01
1.723744708063619839e+02 2.870202726550494798e-01
1.772135779080358589e+02 2.960775256055666049e-01
1.821885343465167182e+02 3.050765905129956823e-01
1.873031538506436675e+02 3.140184158680722204e-01
1.925613572129198587e+02 3.229029671276966718e-01
1.979671752951332735e+02 3.317305904244124415e-01
2.035247521183577817e+02 3.405020584172570586e-01
2.092383480396976836e+02 3.492172267144276199e-01
2.151123430182167340e+02 3.578767838183696814e-01
2.211512399725488649e+02 3.664813264351010624e-01
2.273596682327717531e+02 3.750306325577171807e-01
2.337423870891815056e+02 3.835256899528301511e-01
2.403042894406969481e+02 3.919669067835264697e-01
2.470504055456825370e+02 4.003541202185189052e-01
2.539859068780726545e+02 4.086884669905103684e-01
2.611161100917459521e+02 4.169701185287392198e-01
2.684464810961962371e+02 4.251992673097816366e-01
2.759826392466180209e+02 4.333769037850611627e-01
2.837303616516211378e+02 4.415030656033651080e-01
2.916955876018795948e+02 4.495783099460474719e-01
2.998844231231027493e+02 4.576034493050703533e-01
3.083031456568277235e+02 4.655784323166975991e-01
3.169582088726115217e+02 4.735041347502125797e-01
3.258562476153226157e+02 4.813812133006026839e-01
3.350040829913132825e+02 4.892095391335697929e-01
3.444087275973823239e+02 4.969902818085087937e-01
3.540773908965269925e+02 5.047238734256866977e-01
3.640174847446141371e+02 5.124103614658086503e-01
3.742366290721980704e+02 5.200509456116813034e-01
3.847426577258505631e+02 5.276458572267164193e-01
3.955436244734701745e+02 5.351955005198394399e-01
4.066478091781858097e+02 5.427009202861031723e-01
4.180637241455758044e+02 5.501622208859658913e-01
4.298001206490798722e+02 5.575801592819114028e-01
4.418659956385941427e+02 5.649555973508644247e-01
4.542705986374043050e+02 5.722885550929358578e-01
4.670234388327335182e+02 5.795800925330176767e-01
4.801342923653450043e+02 5.868309142065663009e-01
4.936132098237916921e+02 5.940409574918125157e-01
5.074705239490465942e+02 6.012115715990730136e-01
5.217168575554348990e+02 6.083431788584808819e-01
5.363631316739240447e+02 6.154360133188928605e-01
5.514205739240302364e+02 6.224913247591766785e-01
5.669007271207433405e+02 6.295093655562287172e-01
5.828154581230845679e+02 6.364907182525961771e-01
5.991769669310618838e+02 6.434364618268135771e-01
6.159977960380168724e+02 6.503467205214107372e-01
6.332908400455114588e+02 6.572224103602841705e-01
6.510693555481461772e+02 6.640644153818419104e-01
6.693469712958660693e+02 6.708727673413107384e-01
6.881376986415669990e+02 6.776486822834241197e-01
7.074559422819878591e+02 6.843928290606114961e-01
7.273165113001454074e+02 6.911052360106000325e-01
7.477346305177587737e+02 6.977873166710992781e-01
7.687259521663728492e+02 7.044394454975778652e-01
7.903065678861347578e+02 7.110619815161209889e-01
8.124930210614047610e+02 7.176561855396177414e-01
8.353023195026778467e+02 7.242222562019946519e-01
8.587519484845170155e+02 7.307608942275419794e-01
8.828598841495149827e+02 7.372731613666574368e-01
9.076446072885356671e+02 7.437591229016284888e-01
9.331251175078249389e+02 7.502197976978268734e-01
9.593209477938240752e+02 7.566560250891076755e-01
9.862521794868783900e+02 7.630677691076130920e-01
1.013939457675291692e+03 7.694563475103077810e-01
1.042404007021556936e+03 7.758223034275386620e-01
1.071667648032863326e+03 7.821657133281747498e-01
1.101752813788387357e+03 7.884879626074143832e-01
1.132682567136153693e+03 7.947893089229678409e-01
1.164480618372686649e+03 8.010701584145217824e-01
1.197171343418966899e+03 8.073317184434984917e-01
1.230779802506664510e+03 8.135740555244393990e-01
1.265331759388942828e+03 8.197979118366143236e-01
1.300853701090570667e+03 8.260042639837673617e-01
1.337372858212496340e+03 8.321930385349696202e-01
1.374917225806419083e+03 8.383652886909119806e-01
1.413515584835395657e+03 8.445217360414060126e-01
1.453197524236895333e+03 8.506622008139472779e-01
1.493993463605257830e+03 8.567880288719721404e-01
1.535934676510896907e+03 8.628995742519580681e-01
1.579053314474175750e+03 8.689968870855151462e-01
1.623382431612278197e+03 8.750812531654024173e-01
1.668956009978024895e+03 8.811527540559419558e-01
1.715808985610004811e+03 8.872117671290310481e-01
1.763977275314045301e+03 8.932593884476712764e-01
1.813497804196495281e+03 8.992954911905490789e-01
1.864408533970487042e+03 9.053207873036128728e-01
1.916748492056814939e+03 9.113361154265443576e-01
1.970557801501800441e+03 9.173412083388114979e-01
2.025877711735017101e+03 9.233370931370545875e-01
2.082750630190514130e+03 9.293243127000448967e-01
2.141220154815729529e+03 9.353025244864373589e-01
2.201331107493030231e+03 9.412730177042034629e-01
2.263129568399529489e+03 9.472359267206448274e-01
2.326662911331457963e+03 9.531912290965619539e-01
2.391979840020239862e+03 9.591400663794803494e-01
2.459130425468043995e+03 9.650823107070761742e-01
2.528166144331500618e+03 9.710182704569990664e-01
2.599139918382933047e+03 9.769488939562133156e-01
2.672106155079435212e+03 9.828738361803681656e-01
2.747120789270811656e+03 9.887937488775352390e-01
2.824241326078435577e+03 9.947093007468655879e-01
2.903526884977814007e+03 1.000620017940029749e+00
2.985038245118732448e+03 1.006526873231927022e+00
3.068837891917642082e+03 1.012430183810961060e+00
3.154990064958088624e+03 1.018329527257056721e+00
3.243560807235811353e+03 1.024226025772597692e+00
3.334618015786362776e+03 1.030119616675147398e+00
3.428231493733970638e+03 1.036010202884761311e+00
3.524473003801584127e+03 1.041898770584509970e+00
3.623416323323149754e+03 1.047784984517961648e+00
3.725137300800209687e+03 1.053669088795479158e+00
3.829713914046280934e+03 1.059551876100799150e+00
3.937226329963479202e+03 1.065432798644441403e+00
4.047756965997322368e+03 1.071312457450542821e+00
4.161390553316707155e+03 1.077191350332904252e+00
4.278214201767616942e+03 1.083068821743898624e+00
4.398317466650223651e+03 1.088945798449967528e+00
4.521792417370702424e+03 1.094822385562254086e+00
4.648733708020256927e+03 1.100698109049583984e+00
4.779238649935599824e+03 1.106573936829579718e+00
4.913407286296362145e+03 1.112449631061522393e+00
5.051342468816766086e+03 1.118325051796008385e+00
5.193149936590211837e+03 1.124201046860975328e+00
5.338938397147355317e+03 1.130077102601261929e+00
5.488819609789671631e+03 1.135953438185291597e+00
5.642908471262536295e+03 1.141830697611178724e+00
5.801323103833378809e+03 1.147708178686624336e+00
5.964184945842459456e+03 1.153586464675500745e+00
6.131618844795774748e+03 1.159465903420937138e+00
6.303753153071274937e+03 1.165345700133300744e+00
6.480719826311970792e+03 1.171226772529985194e+00
6.662654524581149417e+03 1.177109039212771213e+00
6.849696716357447258e+03 1.182992019506507786e+00
7.041989785449288320e+03 1.188876561305824753e+00
7.239681140910876820e+03 1.194762284336011282e+00
7.442922330043757938e+03 1.200649050796836814e+00
7.651869154570825231e+03 1.206537602992793445e+00
7.866681790071582327e+03 1.212427285640755859e+00
8.087524908770456932e+03 1.218318341531767546e+00
8.314567805772063366e+03 1.224211286635202178e+00
8.547984528840413986e+03 1.230105314547033091e+00
8.787954011821319000e+03 1.236001031659093918e+00
9.034660211810534747e+03 1.241898629736505999e+00
9.288292250172498825e+03 1.247797319505621783e+00
9.549044557518078364e+03 1.253697949791567012e+00
9.817117022752194316e+03 1.259600314458964920e+00
1.009271514630571801e+04 1.265503968636158882e+00
1.037605019766911755e+04 1.271409678960049527e+00
1.066733937734857136e+04 1.277316951382952093e+00
1.096680598336867479e+04 1.283225692299546861e+00
1.127467958244947295e+04 1.289136570472426913e+00
1.159119618598885791e+04 1.295048821747830869e+00
1.191659843098558849e+04 1.300962752649301279e+00
1.225113576604117770e+04 1.306878775660523573e+00
1.259506464258358938e+04 1.312796017017979100e+00
1.294864871145904908e+04 1.318715141840486993e+00
1.331215902504307633e+04 1.324636201549885151e+00
1.368587424502517752e+04 1.330558469232239638e+00
1.407008085602686515e+04 1.336482735099904229e+00
1.446507338521647216e+04 1.342408697702289766e+00
1.487115462808953816e+04 1.348335980175976889e+00
1.528863588058729511e+04 1.354265296450567702e+00
1.571783717773161152e+04 1.360196060448746858e+00
1.615908753895919108e+04 1.366128256186424528e+00
1.661272522034293070e+04 1.372062491830542852e+00
1.707909797389426967e+04 1.377997927322041294e+00
1.755856331414467058e+04 1.383934957343895489e+00
1.805148879221110110e+04 1.389873907609319392e+00
1.855825227755518790e+04 1.395813861815354162e+00
1.907924224765265171e+04 1.401755567593951701e+00
1.961485808579429431e+04 1.407698950910031943e+00
2.016551038724748651e+04 1.413643369480324763e+00
2.073162127401231191e+04 1.419589576211722104e+00
2.131362471841437582e+04 1.425537187435422570e+00
2.191196687578147248e+04 1.431485914172988982e+00
2.252710642645982807e+04 1.437436436447041554e+00
2.315951492743154449e+04 1.443388087624550398e+00
2.380967717380358226e+04 1.449340958124220258e+00
2.447809157044440144e+04 1.455295578497330267e+00
2.516527051405388920e+04 1.461251076239951763e+00
2.587174078595923856e+04 1.467207940441863423e+00
2.659804395593758454e+04 1.473166403850950434e+00
2.734473679737579732e+04 1.479125566683817006e+00
2.811239171408461334e+04 1.485086227649617285e+00
2.890159717909511528e+04 1.491048209592685581e+00
2.971295818577334285e+04 1.497010967183542318e+00
3.054709671159967911e+04 1.502975227698179594e+00
3.140465219496748978e+04 1.508940531327834789e+00
3.228628202536733443e+04 1.514906687655601658e+00
3.319266204733189807e+04 1.520874352642212823e+00
3.412448707852889493e+04 1.526842784126542618e+00
3.508247144239788759e+04 1.532812190029029242e+00
3.606734951574031584e+04 1.538783025680610761e+00
3.707987629168172134e+04 1.544754396064954127e+00
3.812082795843888016e+04 1.550726891738895885e+00
3.919100249433401768e+04 1.556700629524423674e+00
4.029122027951351629e+04 1.562674811587267953e+00
4.142232472483898164e+04 1.568650215721100416e+00
4.258518291843414772e+04 1.574626590175160379e+00
4.378068629038166546e+04 1.580603492444187408e+00
4.500975129608041607e+04 1.586581629603278198e+00
4.627332011878693447e+04 1.592560467355667475e+00
4.757236139187889785e+04 1.598539918952679662e+00
4.890787094139590045e+04 1.604520620090817307e+00
5.028087254942474829e+04 1.610501754755567116e+00
5.169241873891603609e+04 1.616483653103279350e+00
5.314359158053241117e+04 1.622466695932060166e+00
5.463550352214875602e+04 1.628449969119580176e+00
5.616929824163804005e+04 1.634434167835173035e+00
5.774615152359825879e+04 1.640419293151389679e+00
5.936727216069126007e+04 1.646404651962030785e+00
6.103390288028620853e+04 1.652391003606518138e+00
6.274732129711574817e+04 1.658378021636908839e+00
6.450884089267699164e+04 1.664365368506852461e+00
6.631981202212675998e+04 1.670353733125474305e+00
6.818162294944479072e+04 1.676342506219173023e+00
7.009570091165618214e+04 1.682331716063035554e+00
7.206351321293045476e+04 1.688321950660904402e+00
7.408656834939567489e+04 1.694312348368579357e+00
7.616641716552892467e+04 1.700303353867939293e+00
7.830465404301183298e+04 1.706295272507337479e+00
8.050291812295973068e+04 1.712287172065828589e+00
8.276289456246352347e+04 1.718279853164686788e+00
8.508631582640581473e+04 1.724273200065963740e+00
8.747496301554415550e+04 1.730266625000146608e+00
8.993066723187614116e+04 1.736260869495296566e+00
9.245531098233579542e+04 1.742255531127012924e+00
9.505082962189511454e+04 1.748250377798488575e+00
9.771921283717996266e+04 1.754246080595284862e+00
1.004625061717340286e+05 1.760241953940901993e+00
1.032828125941029575e+05 1.766238151052528016e+00
1.061822941099384625e+05 1.772235183512497425e+00
1.091631734193614684e+05 1.778232171583829402e+00
1.122277356208507117e+05 1.784229665381694918e+00
1.153783299629659596e+05 1.790227856031738840e+00
1.186173716452479130e+05 1.796225905342323959e+00
1.219473436696738354e+05 1.802224607100102238e+00
1.253707987440919678e+05 1.808223764670707334e+00
1.288903612390891503e+05 1.814222895518047496e+00
1.325087291997953726e+05 1.820222723026558853e+00
1.362286764141646854e+05 1.826222767383392620e+00
1.400530545393219800e+05 1.832222901627482470e+00
1.439847952876006602e+05 1.838223778726402191e+00
1.480269126739510102e+05 1.844224635424841718e+00
1.521825053264386952e+05 1.850225749933523289e+00
1.564547588616095891e+05 1.856227555904871984e+00
1.608469483265355229e+05 1.862229155318448015e+00
1.653624407094182097e+05 1.868231203244824279e+00
1.700046975206718198e+05 1.874233771521920167e+00
1.747772774464680697e+05 1.880236126834501587e+00
1.796838390767719247e+05 1.886239044443211776e+00
1.847281437099635950e+05 1.892242249298908829e+00
1.899140582361935521e+05 1.898245363493385574e+00
1.952455581016860961e+05 1.904249091891948575e+00
2.007267303562568268e+05 1.910252875983667442e+00
2.063617767863856570e+05 1.916256693591530835e+00
2.121550171362452384e+05 1.922261178577512553e+00
2.181108924191519909e+05 1.928265489244932684e+00
2.242339683219845174e+05 1.934270028346508852e+00
2.305289387051706144e+05 1.940275150528313786e+00
2.370006292009330355e+05 1.946279938905842943e+00
2.436540009125466167e+05 1.952285153133723750e+00
2.504941542174502392e+05 1.958290744632847469e+00
2.575263326771198772e+05 1.964296084466068404e+00
2.647559270567069179e+05 1.970301928956887494e+00
2.721884794575179694e+05 1.976307923498777486e+00
2.798296875655115582e+05 1.982313794473582691e+00
2.876854090190591523e+05 1.988320227637402793e+00
2.957616658993256860e+05 1.994326584704140481e+00
3.040646493467068649e+05 2.000332966459264838e+00
3.126007243068703683e+05 2.006339931347889571e+00
3.213764344100275775e+05 2.012346614075570361e+00
3.303985069871855085e+05 2.018353523009930761e+00
3.396738582272209460e+05 2.024360914199226258e+00
3.492095984787271591e+05 2.030367907481882117e+00
3.590130377007068601e+05 2.036375310584814358e+00
3.690916910662774462e+05 2.042382972344106040e+00
3.794532847236942034e+05 2.048390367899192377e+00
3.901057617190993042e+05 2.054398234121660227e+00
4.010572880855496041e+05 2.060406136174798064e+00
4.123162591029748437e+05 2.066413904164136284e+00
4.238913057338782819e+05 2.072422204528024281e+00
4.357913012397029670e+05 2.078430318402401333e+00
4.480253679829489556e+05 2.084438470654053077e+00
4.606028844202398323e+05 2.090447139169423707e+00
4.735334922917120857e+05 2.096455439086465145e+00
4.868271040122283739e+05 2.102463982499634287e+00
5.004939102700953372e+05 2.108472903729667003e+00
5.145443878390924656e+05 2.114481426249352758e+00
5.289893076098145684e+05 2.120490338234462424e+00
5.438397428464801051e+05 2.126499407830822364e+00
5.591070776755292900e+05 2.132508213711795442e+00
5.748030158125350717e+05 2.138517473157597326e+00
5.909395895340964198e+05 2.144526670406599056e+00
6.075291689016077435e+05 2.150535739261426382e+00
6.245844712439618306e+05 2.156545326264229789e+00
6.421185709064757684e+05 2.162554631502130675e+00
6.601449092734883307e+05 2.168564003642132310e+00
6.786773050723301712e+05 2.174573840018886095e+00
6.977299649665538454e+05 2.180583235108375817e+00
7.173174944465612061e+05 2.186592904788140945e+00
7.374549090259546647e+05 2.192602861093681632e+00
7.581576457522117998e+05 2.198612431109136178e+00
7.794415750404951395e+05 2.204622382872568398e+00
8.013230128396886867e+05 2.210632403203562468e+00
8.238187331399600953e+05 2.216642174667762255e+00
8.469459808314593975e+05 2.222652394177708768e+00
8.707224849239921896e+05 2.228662464913353514e+00
8.951664721378301037e+05 2.234672432993774827e+00
9.202966808760409476e+05 2.240682897696522513e+00
9.461323755890759639e+05 2.246693005136311427e+00
9.726933615426179022e+05 2.252703218745422120e+00
1.000000000000000000e+06 2.258713853962921014e+00
