3.000000000000000000e+03 1.384778310796458932e-02
4.333333333333333030e+03 2.735149592583983186e-02
5.666666666666666060e+03 4.723762662870124168e-02
7.000000000000000000e+03 7.021381171369578400e-02
8.333333333333332121e+03 9.831185538356185249e-02
9.666666666666666060e+03 1.331991691981340986e-01
1.100000000000000000e+04 1.705718727810309754e-01
1.233333333333333212e+04 2.135915666372088517e-01
1.366666666666666606e+04 2.606280743942530065e-01
1.500000000000000000e+04 3.134837825881146012e-01
