3.000000000000000000e+03 6.776164109742643937e-02
4.333333333333333030e+03 1.381538075958434753e-01
5.666666666666666060e+03 2.326796283234195406e-01
7.000000000000000000e+03 3.511640299991897196e-01
8.333333333333332121e+03 4.933333425768288150e-01
9.666666666666666060e+03 6.588093806105841388e-01
1.100000000000000000e+04 8.478119308400186016e-01
1.233333333333333212e+04 1.060194194577374072e+00
1.366666666666666606e+04 1.295958739667779636e+00
1.500000000000000000e+04 1.554757231909396076e+00
