3.000000000000000000e+03 8.243869069284795806e-03
4.333333333333333030e+03 1.640648533260215952e-02
5.666666666666666060e+03 2.801313173635724268e-02
7.000000000000000000e+03 4.179351653339780787e-02
8.333333333333332121e+03 5.854182027677060779e-02
9.666666666666666060e+03 7.882277727226798258e-02
1.100000000000000000e+04 1.010664636720166182e-01
1.233333333333333212e+04 1.265290770077322213e-01
1.366666666666666606e+04 1.545687216488256244e-01
1.500000000000000000e+04 1.856979207188840797e-01
