3.000000000000000000e+03 8.204285006221102156e-03
4.333333333333333030e+03 1.632047707867097588e-02
5.666666666666666060e+03 2.789892521784395965e-02
7.000000000000000000e+03 4.154238698827853599e-02
8.333333333333332121e+03 5.827518608089397173e-02
9.666666666666666060e+03 7.842283095758184608e-02
1.100000000000000000e+04 1.004827215903857235e-01
1.233333333333333212e+04 1.257750264645394744e-01
1.366666666666666606e+04 1.537999715329683437e-01
1.500000000000000000e+04 1.846975853860374772e-01
