3.000000000000000000e+03 7.573317150596959799e-03
4.333333333333333030e+03 1.517524947180773527e-02
5.666666666666666060e+03 2.588108665681922160e-02
7.000000000000000000e+03 3.863509128788349123e-02
8.333333333333332121e+03 5.412228609135085605e-02
9.666666666666666060e+03 7.276352030945590355e-02
1.100000000000000000e+04 9.328306574488080816e-02
1.233333333333333212e+04 1.166920627500783458e-01
1.366666666666666606e+04 1.425458857872009821e-01
1.500000000000000000e+04 1.710241002952551936e-01
