3.000000000000000000e+03 1.206468297719411054e-02
4.333333333333333030e+03 2.390928486052352336e-02
5.666666666666666060e+03 4.123429088136564002e-02
7.000000000000000000e+03 6.123800295905718061e-02
8.333333333333332121e+03 8.574565275824914956e-02
9.666666666666666060e+03 1.162105717023354384e-01
1.100000000000000000e+04 1.486583745973608650e-01
1.233333333333333212e+04 1.862775559865612052e-01
1.366666666666666606e+04 2.274511898103563357e-01
1.500000000000000000e+04 2.737775032863343228e-01
